ACTIVITIES$$eating$$shopping$$leisure$$outside activity$$sport$$other activity$$visiting friend$$working$$studying$$staying at home$$
BD_TYPES$$home$$office$$health related activity$$restaurant$$shop$$farm$$leisure and sport$$university$$school$$public$$sport$$cinema$$kindergarten$$stadium$$park$$caravan$$supermarket$$
463,0,0,155@9+0:0.96=$%53@7+1:0.04=$%
463,0,1,155@9+0:0.96=$%53@7+1:0.04=$%
463,0,2,155@9+0:0.96=$%53@7+1:0.04=$%
463,0,3,155@9+0:0.96=$%53@7+1:0.04=$%
463,0,4,155@9+0:0.96=$%53@7+1:0.04=$%
463,0,5,155@9+0:0.96=$%53@7+1:0.04=$%
463,0,6,155@9+0:0.96=$%53@7+1:0.04=$%
463,0,7,155@9+0:0.72=$%0@7+1:0.08=$%140@7+1:0.04=3:0.04=$%51@7+1:0.04=$%71@2+6:0.04=$%53@7+1:0.04=$%
463,0,8,155@9+0:0.4=$%169@7+1:0.04=$%34@0+3:0.04=$%54@7+1:0.04=$%0@7+1:0.12=4:0.04=$5+9:0.04=$%140@7+1:0.04=3:0.04=$%12@7+4:0.04=$%51@7+1:0.04=$%71@2+6:0.04=$7+1:0.04=$%53@7+1:0.04=$%
463,0,9,155@9+0:0.24=$%169@7+1:0.04=$%0@7+1:0.16=4:0.04=$5+2:0.08=$1+4:0.04=$%54@7+1:0.04=$%140@7+1:0.04=3:0.04=$%12@7+4:0.04=$%51@7+1:0.04=$%71@2+6:0.04=$7+1:0.04=3:0.04=$%7@5+2:0.04=$%53@7+1:0.04=$%
463,0,10,155@9+0:0.28=$%169@7+1:0.04=$%0@7+1:0.16=4:0.04=$1+4:0.04=$%54@7+1:0.04=$1+4:0.04=$%140@7+1:0.04=3:0.04=$%12@7+4:0.04=$%51@7+1:0.04=$%71@2+6:0.04=$7+1:0.04=3:0.04=$%1@2+6:0.04=$%53@7+1:0.04=$%
463,0,11,155@9+0:0.2=$%169@7+1:0.04=$%0@7+1:0.2=4:0.04=$1+4:0.04=$%54@7+1:0.04=$%140@7+1:0.04=3:0.04=$%12@7+4:0.04=$%51@7+1:0.04=$%337@1+4:0.04=$%71@2+6:0.04=$1+4:0.04=$7+1:0.04=3:0.04=$%53@7+1:0.04=$%698@1+4:0.04=$%
463,0,12,155@9+0:0.4=$%0@7+1:0.2=$0+3:0.04=$%71@0+3:0.12=$2+6:0.04=$1+4:0.04=$7+3:0.04=$%140@7+1:0.04=$%51@7+1:0.04=$%53@7+1:0.04=$%
463,0,13,155@9+0:0.44=$%0@7+1:0.2=4:0.04=$0+3:0.04=$%54@7+1:0.04=$%140@7+1:0.04=3:0.04=$%51@7+1:0.04=$%71@2+6:0.04=$7+3:0.04=$%53@7+1:0.04=$%
463,0,14,155@9+0:0.4=$%169@7+1:0.04=$%0@7+1:0.16=4:0.04=$1+4:0.04=$%54@7+1:0.04=$%140@7+1:0.04=3:0.04=$%51@7+1:0.04=$%71@2+6:0.04=$7+1:0.04=3:0.04=$%53@7+1:0.04=$%
463,0,15,155@9+0:0.36=$%169@7+1:0.04=$%0@7+1:0.12=4:0.04=$1+4:0.08=$%54@7+1:0.04=$5+2:0.04=$%140@7+1:0.04=3:0.04=$%51@7+1:0.04=$%35@0+3:0.04=$%71@7+1:0.04=3:0.04=$%53@7+1:0.04=$%
463,0,16,406@1+4:0.04=$%169@7+1:0.04=$%0@7+1:0.12=4:0.04=$1+4:0.04=$%54@7+1:0.04=$%140@7+1:0.04=3:0.04=$%155@9+0:0.44=$%51@7+1:0.04=$%35@0+3:0.04=$%71@7+1:0.04=3:0.04=$%
463,0,17,406@1+4:0.04=$%169@7+1:0.04=$%0@7+1:0.08=$1+4:0.04=$%54@7+1:0.04=$%140@7+1:0.04=3:0.04=$1+4:0.04=$%155@9+0:0.52=$%51@7+1:0.04=$%71@7+1:0.04=3:0.04=$%
463,0,18,7@1+4:0.04=$%155@9+0:0.68=$%0@7+1:0.04=$5+2:0.08=$%35@1+4:0.04=$6+0:0.04=$%55@1+4:0.04=$%71@7+3:0.04=$%
463,0,19,155@9+0:0.96=$%35@6+0:0.04=$%
463,0,20,155@9+0:0.96=$%0@2+6:0.04=$%
463,0,21,155@9+0:0.96=$%0@2+6:0.04=$%
463,0,22,155@9+0:0.96=$%0@2+6:0.04=$%
463,0,23,155@9+0:1.0=$%
463,1,0,155@9+0:1.0=$%
463,1,1,155@9+0:1.0=$%
463,1,2,155@9+0:1.0=$%
463,1,3,155@9+0:1.0=$%
463,1,4,155@9+0:1.0=$%
463,1,5,155@9+0:0.96=$%12@7+4:0.04=$%
463,1,6,155@9+0:0.88=$%12@7+4:0.04=$%56@7+1:0.04=$%15@6+0:0.04=$%
463,1,7,277@7+1:0.04=$%155@9+0:0.64=$%54@7+1:0.04=$%0@7+1:0.08=$%12@7+4:0.04=$%59@7+1:0.04=$%56@7+1:0.04=$%15@6+0:0.04=$%71@7+3:0.04=$%
463,1,8,277@7+1:0.04=$%155@9+0:0.44=$%54@7+1:0.04=$%0@7+1:0.08=$%140@7+1:0.04=3:0.04=$%12@7+4:0.04=$%51@7+1:0.04=$%59@7+1:0.04=$%56@7+1:0.04=$%15@6+0:0.04=$%71@7+1:0.04=3:0.04=$%7@7+1:0.04=$%
463,1,9,277@7+1:0.04=$%155@9+0:0.28=$%54@7+1:0.04=$%0@7+1:0.08=$%140@7+1:0.04=3:0.04=$%12@7+4:0.04=$%51@7+1:0.04=$%59@7+1:0.04=$%7@1+4:0.08=$7+1:0.04=$%56@7+1:0.04=$%20@7+1:0.04=$%15@6+0:0.04=$%71@7+1:0.04=3:0.04=$%462@7+1:0.04=$%
463,1,10,277@7+1:0.04=$%155@9+0:0.28=$%54@7+1:0.04=$%0@7+1:0.08=4:0.08=$%140@7+1:0.04=3:0.04=$%12@7+4:0.04=$%51@7+1:0.04=$%59@7+1:0.04=$%56@7+1:0.04=$%20@7+1:0.04=$%15@6+0:0.04=$%71@7+1:0.04=3:0.04=$%7@7+1:0.04=$%462@7+1:0.04=$%
463,1,11,277@7+1:0.04=$%155@9+0:0.28=$%0@5+9:0.04=$7+1:0.08=4:0.08=$%140@7+1:0.04=3:0.04=$%53@1+4:0.04=$%51@7+1:0.04=$%59@7+1:0.04=$%56@7+1:0.04=$%20@7+1:0.04=$%15@6+0:0.04=$%71@7+1:0.04=3:0.04=$%7@7+1:0.04=$%462@7+1:0.04=$%
463,1,12,277@7+1:0.04=$%155@9+0:0.32=$%54@7+1:0.04=$%0@7+1:0.08=4:0.08=$%140@7+1:0.04=3:0.04=$%12@7+4:0.04=$%51@7+1:0.04=$%59@7+1:0.04=$%56@7+1:0.04=$%15@6+0:0.04=$%71@7+1:0.04=3:0.04=$%7@7+1:0.04=$%462@7+1:0.04=$%
463,1,13,277@7+1:0.04=$%0@2+6:0.08=$7+1:0.08=4:0.04=$%155@9+0:0.28=$%54@7+1:0.04=$%140@7+1:0.04=3:0.04=$%12@7+4:0.04=$%59@7+1:0.04=$%7@0+3:0.04=$7+1:0.04=$%56@7+1:0.04=$%15@6+0:0.04=$%71@7+1:0.04=3:0.04=$%462@7+1:0.04=$%
463,1,14,277@7+1:0.04=$%0@2+6:0.08=$7+1:0.08=4:0.08=$%155@9+0:0.28=$%54@7+1:0.04=$%140@7+1:0.04=3:0.04=$%12@7+4:0.04=$%59@7+1:0.04=$%56@7+1:0.04=$%15@6+0:0.04=$%71@7+1:0.04=3:0.04=$%7@7+1:0.04=$%462@7+1:0.04=$%
463,1,15,277@7+1:0.04=$%0@2+6:0.08=$7+1:0.12=4:0.08=$%155@9+0:0.28=$%54@7+1:0.04=$%140@7+1:0.04=3:0.04=$%12@7+4:0.04=$%428@1+4:0.04=$%15@6+0:0.04=$%71@7+1:0.04=3:0.04=$%7@7+1:0.04=$%462@7+1:0.04=$%
463,1,16,277@7+1:0.04=$%0@2+6:0.08=$7+1:0.12=4:0.08=$1+4:0.04=$%155@9+0:0.36=$%54@7+1:0.04=$%12@7+4:0.04=$%15@6+0:0.04=$%71@7+1:0.04=$1+4:0.04=$%7@7+1:0.04=$%140@7+3:0.04=$%
463,1,17,34@1+4:0.04=$%0@2+6:0.08=$7+4:0.08=1:0.08=$%155@9+0:0.52=$%12@7+4:0.04=$%15@6+0:0.04=$%71@7+1:0.04=$%7@7+1:0.04=$%140@7+3:0.04=$%
463,1,18,34@1+4:0.04=$%155@9+0:0.76=$%64@0+3:0.04=$%0@7+4:0.04=1:0.04=$%71@7+1:0.04=$%35@1+4:0.04=$%
463,1,19,155@9+0:0.8=$%0@6+0:0.04=$5+2:0.04=$7+4:0.04=$%53@1+4:0.04=$%189@6+0:0.04=$%
463,1,20,155@9+0:0.96=$%0@7+4:0.04=$%
463,1,21,155@9+0:0.96=$%0@7+4:0.04=$%
463,1,22,155@9+0:1.0=$%
463,1,23,155@9+0:1.0=$%
463,2,0,155@9+0:0.96=$%4@6+0:0.04=$%
463,2,1,155@9+0:0.96=$%4@6+0:0.04=$%
463,2,2,155@9+0:0.96=$%4@6+0:0.04=$%
463,2,3,155@9+0:0.96=$%4@6+0:0.04=$%
463,2,4,155@9+0:0.96=$%4@6+0:0.04=$%
463,2,5,155@9+0:0.96=$%4@6+0:0.04=$%
463,2,6,155@9+0:0.96=$%462@7+1:0.04=$%
463,2,7,155@9+0:0.72=$%169@7+1:0.04=$%140@7+1:0.04=$%51@7+1:0.04=$%0@7+4:0.04=$%53@7+1:0.04=$%7@7+1:0.04=$%462@7+1:0.04=$%
463,2,8,277@7+1:0.04=$%169@7+1:0.04=$%0@7+1:0.2=4:0.04=$%155@9+0:0.44=$%140@7+1:0.04=$%12@7+4:0.04=$%51@7+1:0.04=$%53@7+1:0.04=$%7@7+1:0.04=$%462@7+1:0.04=$%
463,2,9,277@7+1:0.08=$%169@7+1:0.04=$%0@7+1:0.2=4:0.04=$2+6:0.04=$%155@9+0:0.32=$%140@7+1:0.04=$%12@7+4:0.04=$%51@7+1:0.04=$%54@1+4:0.04=$%53@7+1:0.04=$%7@7+1:0.04=$%462@7+1:0.04=$%
463,2,10,277@7+1:0.08=$%169@7+1:0.04=$%0@7+1:0.2=4:0.04=$%155@9+0:0.32=$%140@7+1:0.04=$%12@7+4:0.04=$%51@7+1:0.04=$%59@7+1:0.04=$%53@7+1:0.04=$%7@7+1:0.04=$%54@6+0:0.04=$%462@7+1:0.04=$%
463,2,11,277@7+1:0.08=$%169@7+1:0.04=$%0@7+1:0.16=4:0.08=$5+2:0.04=$%155@9+0:0.28=$%140@7+1:0.04=$%12@7+4:0.04=$%51@7+1:0.04=$%59@7+1:0.04=$%53@7+1:0.04=$%7@7+1:0.04=$%54@6+0:0.04=$%462@7+1:0.04=$%
463,2,12,71@0+3:0.04=$%169@7+1:0.04=$%155@9+0:0.4=$%0@7+1:0.12=4:0.08=$0+3:0.04=$%140@7+1:0.04=$1+4:0.04=$%51@7+1:0.04=$%53@7+1:0.04=$%1@1+4:0.04=$%462@7+1:0.04=$%277@7+1:0.04=$%
463,2,13,71@0+3:0.08=$%169@7+1:0.04=$%155@9+0:0.44=$%0@7+1:0.16=4:0.04=$%140@7+1:0.04=$1+4:0.04=$%53@7+1:0.04=$%7@7+1:0.04=$%462@7+1:0.04=$%277@7+1:0.04=$%
463,2,14,277@7+1:0.08=$%169@7+1:0.04=$%155@9+0:0.24=$%0@7+1:0.16=4:0.08=$%140@7+1:0.04=$%12@7+4:0.04=$%54@1+4:0.04=$%59@7+1:0.04=$6+0:0.04=$%7@1+4:0.04=$7+1:0.04=$%437@5+2:0.04=$%53@7+1:0.04=$%462@7+1:0.04=$%
463,2,15,277@7+1:0.08=$%169@7+1:0.04=$5+9:0.04=$%71@0+3:0.04=$%155@9+0:0.28=$%0@7+1:0.12=4:0.08=$5+2:0.04=$%140@7+1:0.04=$%12@7+4:0.04=$%59@7+1:0.04=$6+0:0.04=$%7@1+4:0.04=$7+1:0.04=$%53@7+1:0.04=$%
463,2,16,277@7+1:0.08=$%169@7+1:0.04=$5+9:0.04=$%155@9+0:0.4=$%0@7+1:0.08=4:0.08=$5+2:0.04=$%59@6+0:0.04=$%7@1+4:0.04=$7+1:0.04=$%35@5+2:0.08=$%55@5+2:0.04=$%
463,2,17,277@7+1:0.04=$%169@7+1:0.04=$%155@9+0:0.6=$%53@1+4:0.04=$%0@7+4:0.08=1:0.04=$%29@1+4:0.04=$%7@7+1:0.04=$%55@5+2:0.04=$%140@6+0:0.04=$%
463,2,18,155@9+0:0.8=$%169@7+1:0.04=$%0@7+4:0.04=$1+4:0.04=$%55@5+2:0.04=$%35@1+4:0.04=$%
463,2,19,155@9+0:0.84=$%169@7+1:0.04=$%0@6+0:0.04=$7+4:0.04=$1+4:0.04=$%
463,2,20,155@9+0:1.0=$%
463,2,21,155@9+0:0.92=$%59@7+1:0.04=$%12@2+6:0.04=$%
463,2,22,155@9+0:0.96=$%12@2+6:0.04=$%
463,2,23,155@9+0:1.0=$%
463,3,0,155@9+0:0.92=$%0@5+2:0.04=$%35@5+2:0.04=$%
463,3,1,155@9+0:0.92=$%0@5+2:0.04=$%35@5+2:0.04=$%
463,3,2,155@9+0:0.92=$%0@5+2:0.04=$%35@5+2:0.04=$%
463,3,3,155@9+0:0.92=$%0@5+2:0.04=$%35@5+2:0.04=$%
463,3,4,155@9+0:0.92=$%0@5+2:0.04=$%35@5+2:0.04=$%
463,3,5,155@9+0:0.92=$%0@5+2:0.04=$%35@5+2:0.04=$%
463,3,6,155@9+0:0.92=$%0@5+2:0.04=$%35@5+2:0.04=$%
463,3,7,155@9+0:0.6=$%0@7+1:0.08=4:0.04=$5+2:0.04=$%12@7+4:0.04=$%71@7+1:0.04=$%35@5+2:0.04=$%140@7+3:0.04=$%462@7+1:0.04=$%277@7+1:0.04=$%
463,3,8,155@9+0:0.28=$%7@1+4:0.04=$%0@7+1:0.16=4:0.04=$2+6:0.04=$1+4:0.04=$%12@7+4:0.04=$%51@7+1:0.04=$%71@1+4:0.04=$7+1:0.04=3:0.04=$%20@7+1:0.04=$%35@5+2:0.04=$%140@7+3:0.04=$%462@7+1:0.04=$%277@7+1:0.04=$%
463,3,9,277@7+1:0.08=$%155@9+0:0.12=$%7@1+4:0.04=$5+2:0.04=$%0@1+4:0.04=$7+1:0.2=4:0.04=$2+6:0.04=$%12@7+4:0.04=$%51@7+1:0.04=$%71@1+4:0.04=$7+1:0.04=3:0.04=$0+3:0.04=$%20@7+1:0.04=$%35@5+2:0.04=$%140@7+3:0.04=$%462@7+1:0.04=$%
463,3,10,277@7+1:0.08=$%155@9+0:0.12=$%71@1+4:0.08=$7+1:0.04=3:0.04=$0+3:0.04=$%0@1+4:0.08=$7+1:0.2=4:0.04=$5+2:0.04=$%12@7+4:0.04=$%51@7+1:0.04=$%20@7+1:0.04=$%165@1+4:0.04=$%140@7+3:0.04=$%462@7+1:0.04=$%
463,3,11,277@7+1:0.08=$%155@9+0:0.24=$%0@7+1:0.2=4:0.04=$%35@6+0:0.04=$%12@7+4:0.04=$%51@7+1:0.04=$%71@1+4:0.04=$7+1:0.04=3:0.04=$%20@7+1:0.04=$1+4:0.04=$%154@1+4:0.04=$%140@7+3:0.04=$%7@1+4:0.04=$%
463,3,12,277@7+1:0.08=$%155@9+0:0.48=$%0@7+1:0.16=4:0.04=$%12@7+4:0.04=$%7@0+3:0.04=$%71@1+4:0.04=$7+1:0.04=3:0.04=$%140@7+3:0.04=$%
463,3,13,277@7+1:0.08=$%29@1+4:0.04=$%0@5+2:0.04=$7+1:0.16=4:0.04=$%155@9+0:0.4=$%12@7+4:0.04=$%51@7+1:0.04=$%71@1+4:0.04=$7+1:0.04=3:0.04=$%140@7+3:0.04=$%
463,3,14,277@7+1:0.08=$%29@1+4:0.04=$%155@9+0:0.24=$%0@6+0:0.04=$7+1:0.2=4:0.04=$1+4:0.04=$%12@7+4:0.04=$%51@7+1:0.04=$%71@1+4:0.04=$7+1:0.04=3:0.04=$%20@7+1:0.04=$%140@7+3:0.04=$%462@7+1:0.04=$%
463,3,15,277@7+1:0.08=$%155@9+0:0.28=$%12@7+4:0.04=$%51@7+1:0.04=$%71@1+4:0.04=$7+1:0.04=3:0.04=$%0@7+4:0.04=1:0.16=$1+4:0.04=$5+2:0.04=$%20@7+1:0.04=$%54@1+4:0.04=$%140@7+3:0.04=$%462@7+1:0.04=$%
463,3,16,277@7+1:0.08=$%155@9+0:0.32=$%12@7+4:0.04=$%51@7+1:0.04=$%71@1+4:0.04=$7+3:0.04=$%0@7+4:0.04=1:0.12=$1+4:0.04=$%20@7+1:0.04=$%54@1+4:0.04=$%53@1+4:0.04=$%35@5+2:0.04=$%140@7+3:0.04=$%462@7+1:0.04=$%
463,3,17,277@7+1:0.04=$%155@9+0:0.6=$%12@7+4:0.04=$%0@1+4:0.04=$7+4:0.04=1:0.08=$%20@7+1:0.04=$%140@7+3:0.04=$%1@1+4:0.04=$%7@1+4:0.04=$%
463,3,18,277@7+1:0.04=$%155@9+0:0.76=$%54@7+1:0.04=$5+2:0.04=$%20@6+0:0.04=$%55@1+4:0.04=$%0@7+1:0.04=$%
463,3,19,277@7+1:0.04=$2+6:0.04=$%155@9+0:0.8=$%35@2+6:0.04=$%20@6+0:0.04=$%71@0+3:0.04=$%
463,3,20,277@7+1:0.04=$%155@9+0:0.8=$%35@2+6:0.04=$%20@6+0:0.04=$%71@0+3:0.04=$%0@2+6:0.04=$%
463,3,21,277@7+1:0.04=$%155@9+0:0.8=$%35@2+6:0.04=$%20@6+0:0.04=$%71@0+3:0.04=$%0@2+6:0.04=$%
463,3,22,277@7+1:0.04=$%155@9+0:0.88=$%71@0+3:0.04=$%0@2+6:0.04=$%
463,3,23,155@9+0:1.0=$%
463,4,0,155@9+0:1.0=$%
463,4,1,155@9+0:1.0=$%
463,4,2,155@9+0:1.0=$%
463,4,3,155@9+0:1.0=$%
463,4,4,155@9+0:1.0=$%
463,4,5,155@9+0:0.96=$%54@7+1:0.04=$%
463,4,6,155@9+0:0.92=$%54@7+1:0.04=$%0@7+1:0.04=$%
463,4,7,155@9+0:0.8=$%54@7+1:0.04=$%20@7+1:0.04=$%0@7+1:0.04=$%462@7+1:0.04=$%277@7+1:0.04=$%
463,4,8,155@9+0:0.44=$%54@7+1:0.04=$%0@7+1:0.16=4:0.04=$1+4:0.04=$2+6:0.04=$%12@7+4:0.04=$%20@7+1:0.04=$%71@7+1:0.04=$%53@7+1:0.04=$%462@7+1:0.04=$%277@7+1:0.04=$%
463,4,9,155@9+0:0.32=$%54@7+1:0.04=$%0@7+1:0.2=4:0.08=$1+4:0.08=$2+6:0.04=$%12@7+4:0.04=$%20@7+1:0.04=$%71@7+1:0.04=$%53@7+1:0.04=$%462@7+1:0.04=$%277@7+1:0.04=$%
463,4,10,155@9+0:0.2=$%54@7+1:0.04=$%0@7+1:0.2=4:0.08=$1+4:0.04=$2+6:0.04=$%12@7+4:0.04=$%59@7+1:0.04=$%71@0+3:0.08=$7+1:0.04=$%20@7+1:0.04=$%53@7+1:0.04=$%140@7+3:0.04=$%462@7+1:0.04=$%277@7+1:0.04=$%
463,4,11,155@9+0:0.24=$%54@7+1:0.04=$%0@7+1:0.2=4:0.08=$1+4:0.04=$2+6:0.04=$%59@7+1:0.04=$%71@0+3:0.08=$7+1:0.04=$%20@7+1:0.04=$%53@7+1:0.04=$%140@7+3:0.04=$%462@7+1:0.04=$%277@7+1:0.04=$%
463,4,12,155@9+0:0.32=$%179@6+0:0.04=$%54@7+1:0.04=$%51@7+1:0.04=$%59@7+1:0.04=$%0@7+1:0.16=4:0.04=$2+6:0.04=$%71@0+3:0.08=$7+1:0.04=$%20@7+1:0.04=$%140@7+3:0.04=$%462@7+1:0.04=$%277@7+1:0.04=$%
463,4,13,398@6+0:0.04=$%155@9+0:0.24=$%179@6+0:0.04=$%54@7+1:0.04=$%0@7+1:0.16=$1+4:0.04=$2+6:0.04=$%51@7+1:0.04=$%59@7+1:0.04=$%71@0+3:0.12=$7+1:0.04=$%20@7+1:0.04=$%140@7+3:0.04=$%462@7+1:0.04=$%277@7+1:0.04=$%
463,4,14,398@6+0:0.04=$%155@9+0:0.16=$%179@6+0:0.04=$%54@7+1:0.04=$%0@7+1:0.2=4:0.04=$2+6:0.04=$%140@7+1:0.04=3:0.04=$%51@7+1:0.04=$%59@7+1:0.04=$%71@0+3:0.08=$7+1:0.04=$%20@7+1:0.04=$%53@7+1:0.04=$%462@7+1:0.04=$%277@7+1:0.04=$%
463,4,15,398@6+0:0.04=$%155@9+0:0.2=$%179@6+0:0.04=$%54@7+1:0.04=$%0@7+1:0.2=4:0.04=$5+2:0.04=$2+6:0.04=$1+4:0.04=$%140@7+1:0.04=3:0.04=$%51@7+1:0.04=$%59@7+1:0.04=$%20@7+1:0.04=$%71@7+1:0.04=$%53@7+1:0.04=$%277@7+1:0.04=$%
463,4,16,398@6+0:0.04=$%169@7+1:0.04=$%155@9+0:0.4=$%26@2+6:0.04=$%140@7+1:0.04=3:0.04=$%51@7+1:0.04=$%59@7+1:0.04=$%295@1+4:0.04=$%0@7+4:0.04=1:0.12=$2+6:0.04=$%71@7+1:0.04=$2+6:0.04=$%
463,4,17,155@9+0:0.32=$%169@7+1:0.04=$%26@2+6:0.04=$%140@7+1:0.04=3:0.04=$%51@7+1:0.04=$%59@7+1:0.04=$%7@1+4:0.04=$%1@1+4:0.04=$%0@2+6:0.08=$7+4:0.04=1:0.12=$%71@7+1:0.04=$2+6:0.08=$%
463,4,18,155@9+0:0.6=$%140@7+1:0.04=$%51@7+1:0.04=$%0@2+6:0.08=$7+4:0.04=1:0.04=$%71@7+1:0.04=$2+6:0.08=$%21@6+0:0.04=$%
463,4,19,155@9+0:0.72=$%51@7+1:0.04=$%53@1+4:0.04=$%0@2+6:0.08=$7+4:0.04=$%71@2+6:0.04=$1+4:0.04=$%
463,4,20,155@9+0:0.96=$%0@7+4:0.04=$%
463,4,21,155@9+0:0.96=$%0@7+4:0.04=$%
463,4,22,155@9+0:0.96=$%0@7+4:0.04=$%
463,4,23,155@9+0:1.0=$%
463,5,0,155@9+0:1.0=$%
463,5,1,155@9+0:1.0=$%
463,5,2,155@9+0:1.0=$%
463,5,3,155@9+0:1.0=$%
463,5,4,155@9+0:1.0=$%
463,5,5,155@9+0:1.0=$%
463,5,6,155@9+0:1.0=$%
463,5,7,155@9+0:0.8=$%295@6+0:0.04=$%55@1+4:0.04=$%71@2+6:0.04=$%0@1+4:0.04=$6+0:0.04=$%
463,5,8,155@9+0:0.72=$%35@1+4:0.04=$5+2:0.04=$%71@2+6:0.04=$1+4:0.04=$0+3:0.04=$%118@6+0:0.04=$%55@3+14:0.04=$%
463,5,9,155@9+0:0.56=$%71@0+3:0.04=$4+6:0.04=$%140@2+6:0.04=$%0@6+0:0.08=$%398@6+0:0.04=$%250@1+4:0.04=$%35@1+4:0.04=$%20@2+6:0.04=$%269@6+0:0.04=$%189@4+6:0.04=$%
463,5,10,0@5+2:0.08=$1+4:0.04=$%155@9+0:0.52=$%118@4+6:0.04=$%71@1+4:0.12=$%7@5+2:0.04=$4+6:0.04=$%154@1+4:0.04=$%4@1+4:0.04=$%23@3+14:0.04=$%
463,5,11,155@9+0:0.64=$%71@0+3:0.08=$1+4:0.04=$4+6:0.04=$2+6:0.04=$%35@5+2:0.04=$%0@5+2:0.04=$%189@2+6:0.04=$%54@5+2:0.04=$%
463,5,12,0@2+6:0.04=$4+6:0.04=$%155@9+0:0.72=$%35@5+2:0.08=$%7@1+4:0.04=$%189@6+0:0.04=$%250@1+4:0.04=$%
463,5,13,155@9+0:0.76=$%0@5+2:0.08=$3+14:0.04=$4+6:0.04=$%1@1+4:0.04=$%5@6+0:0.04=$%
463,5,14,7@6+0:0.04=$3+14:0.04=$%155@9+0:0.72=$%0@1+4:0.08=$%35@3+14:0.04=$%23@3+14:0.08=$%
463,5,15,155@9+0:0.96=$%418@1+4:0.04=$%
463,5,16,155@9+0:0.88=$%0@3+14:0.04=$6+0:0.04=$%65@1+4:0.04=$%
463,5,17,155@9+0:1.0=$%
463,5,18,155@9+0:1.0=$%
463,5,19,155@9+0:1.0=$%
463,5,20,155@9+0:1.0=$%
463,5,21,155@9+0:1.0=$%
463,5,22,155@9+0:1.0=$%
463,5,23,155@9+0:1.0=$%
463,6,0,155@9+0:1.0=$%
463,6,1,155@9+0:1.0=$%
463,6,2,155@9+0:1.0=$%
463,6,3,155@9+0:1.0=$%
463,6,4,155@9+0:1.0=$%
463,6,5,155@9+0:1.0=$%
463,6,6,155@9+0:1.0=$%
463,6,7,23@3+14:0.08=$%155@9+0:0.68=$%0@0+3:0.04=$1+4:0.04=$%55@3+14:0.04=$%154@1+4:0.04=$%462@1+4:0.04=$%1@1+4:0.04=$%
463,6,8,155@9+0:0.76=$%344@2+6:0.04=$%277@2+6:0.04=$%0@1+4:0.04=$5+2:0.04=$%1@0+3:0.04=$%7@4+6:0.04=$%
463,6,9,1@4+6:0.04=$%155@9+0:0.52=$%7@1+4:0.04=$%23@3+14:0.12=$%250@1+4:0.04=$%76@6+0:0.04=$%341@5+2:0.04=$%71@1+4:0.08=$%19@1+4:0.04=$%53@6+0:0.04=$%
463,6,10,155@9+0:0.68=$%20@3+14:0.04=$%0@1+4:0.04=$%189@2+6:0.04=$%147@6+0:0.04=$%5@1+4:0.04=$%15@0+3:0.04=$%169@2+11:0.04=$%140@1+4:0.04=$%
463,6,11,71@2+6:0.04=$0+3:0.04=$%155@9+0:0.6=$%7@6+0:0.04=$%0@1+4:0.08=$%23@3+14:0.04=$%428@1+4:0.04=$%258@1+4:0.04=$%35@5+2:0.04=$%362@5+2:0.04=$%
463,6,12,155@9+0:0.68=$%71@0+3:0.04=$1+4:0.04=$4+6:0.04=$%0@1+4:0.04=$%35@1+4:0.04=$%23@3+14:0.08=$%55@3+14:0.04=$%
463,6,13,155@9+0:0.8=$%7@3+14:0.04=$%35@5+2:0.04=$%118@2+6:0.04=$%169@2+11:0.04=$%59@1+4:0.04=$%
463,6,14,155@9+0:0.76=$%0@6+0:0.04=$%26@2+6:0.04=$%437@5+2:0.04=$%154@6+0:0.04=$%169@5+2:0.04=$%7@2+6:0.04=$%
463,6,15,155@9+0:1.0=$%
463,6,16,155@9+0:0.92=$%663@6+0:0.04=$%154@3+14:0.04=$%
463,6,17,155@9+0:1.0=$%
463,6,18,155@9+0:1.0=$%
463,6,19,155@9+0:1.0=$%
463,6,20,155@9+0:1.0=$%
463,6,21,155@9+0:1.0=$%
463,6,22,155@9+0:1.0=$%
463,6,23,155@9+0:1.0=$%
464,0,0,155@9+0:1.0=$%
464,0,1,155@9+0:1.0=$%
464,0,2,155@9+0:1.0=$%
464,0,3,155@9+0:1.0=$%
464,0,4,155@9+0:1.0=$%
464,0,5,155@9+0:0.9814814814814815=$%118@7+1:0.018518518518518517=$%
464,0,6,155@9+0:0.9629629629629629=$%118@7+1:0.018518518518518517=$%437@7+1:0.018518518518518517=$%
464,0,7,155@9+0:0.7407407407407407=$%0@8+8:0.07407407407407407=7:0.018518518518518517=$1+4:0.018518518518518517=$7+1:0.018518518518518517=$%56@7+1:0.018518518518518517=$%7@7+1:0.018518518518518517=$%118@7+1:0.018518518518518517=$%398@8+8:0.018518518518518517=$%437@7+1:0.018518518518518517=$%20@7+1:0.018518518518518517=$%341@7+1:0.018518518518518517=$%
464,0,8,155@9+0:0.3333333333333333=$%0@8+8:0.2037037037037037=7:0.05555555555555555=$7+1:0.037037037037037035=$%51@8+8:0.018518518518518517=$%56@7+1:0.037037037037037035=$%7@7+1:0.018518518518518517=3:0.018518518518518517=$1+4:0.018518518518518517=$%35@5+2:0.018518518518518517=$%55@8+8:0.018518518518518517=$%118@7+1:0.018518518518518517=$%54@8+8:0.037037037037037035=$%154@8+8:0.018518518518518517=$%428@8+8:0.018518518518518517=$%398@8+8:0.037037037037037035=$%437@7+1:0.018518518518518517=$%388@7+1:0.018518518518518517=$%20@7+1:0.018518518518518517=$%26@7+1:0.018518518518518517=$%341@7+1:0.018518518518518517=$%
464,0,9,155@9+0:0.25925925925925924=$%0@8+8:0.2037037037037037=7:0.05555555555555555=$7+1:0.037037037037037035=$%51@8+8:0.018518518518518517=$%56@7+1:0.037037037037037035=$%7@7+1:0.037037037037037035=3:0.018518518518518517=$1+4:0.018518518518518517=$%5@1+4:0.018518518518518517=$%55@8+8:0.018518518518518517=$%118@7+1:0.018518518518518517=$%54@8+8:0.037037037037037035=$5+2:0.018518518518518517=$%154@8+8:0.018518518518518517=$%428@8+8:0.018518518518518517=$%59@8+7:0.018518518518518517=$%398@8+8:0.037037037037037035=$%437@7+1:0.018518518518518517=$%140@2+6:0.018518518518518517=$%388@7+1:0.018518518518518517=$%20@7+1:0.018518518518518517=$%26@7+1:0.018518518518518517=$%341@7+1:0.018518518518518517=$%
464,0,10,276@6+0:0.018518518518518517=$%0@8+8:0.2037037037037037=7:0.05555555555555555=$7+1:0.037037037037037035=$%51@8+8:0.018518518518518517=$%56@7+1:0.037037037037037035=$%155@9+0:0.2222222222222222=$%7@7+1:0.037037037037037035=3:0.018518518518518517=$%35@1+4:0.018518518518518517=$%55@8+8:0.018518518518518517=$%118@7+1:0.018518518518518517=$%54@8+8:0.037037037037037035=$5+2:0.018518518518518517=$%169@5+9:0.018518518518518517=$%154@8+8:0.018518518518518517=$%428@8+8:0.018518518518518517=$%59@8+7:0.018518518518518517=$%71@7+3:0.018518518518518517=$%398@8+8:0.037037037037037035=$%437@7+1:0.018518518518518517=$%20@5+2:0.018518518518518517=$7+1:0.018518518518518517=$%388@7+1:0.018518518518518517=$%26@7+1:0.018518518518518517=$%341@7+1:0.018518518518518517=$%
464,0,11,276@6+0:0.018518518518518517=$%0@8+8:0.16666666666666666=7:0.037037037037037035=$7+1:0.037037037037037035=$5+9:0.018518518518518517=$%51@8+8:0.018518518518518517=$%56@7+1:0.05555555555555555=$%155@9+0:0.25925925925925924=$%7@7+1:0.037037037037037035=3:0.018518518518518517=$%71@1+4:0.018518518518518517=$0+3:0.018518518518518517=$7+3:0.018518518518518517=$%53@1+4:0.018518518518518517=$%55@8+8:0.018518518518518517=$%118@7+1:0.018518518518518517=$%154@8+8:0.018518518518518517=$%428@8+8:0.018518518518518517=$%59@8+7:0.018518518518518517=$%398@8+8:0.037037037037037035=$%437@7+1:0.018518518518518517=$%35@7+1:0.018518518518518517=$%54@8+8:0.018518518518518517=$5+2:0.018518518518518517=$%388@7+1:0.018518518518518517=$%26@7+1:0.018518518518518517=$%341@7+1:0.018518518518518517=$%
464,0,12,276@6+0:0.018518518518518517=$%0@8+8:0.14814814814814814=7:0.037037037037037035=$1+4:0.018518518518518517=$0+3:0.037037037037037035=$7+1:0.018518518518518517=$5+9:0.018518518518518517=$%155@9+0:0.2962962962962963=$%56@7+1:0.05555555555555555=$%71@0+3:0.05555555555555555=$1+4:0.018518518518518517=$7+3:0.018518518518518517=$%55@8+8:0.018518518518518517=$%118@7+1:0.018518518518518517=$%154@8+8:0.018518518518518517=$%428@8+8:0.018518518518518517=$%398@8+8:0.037037037037037035=$%7@7+3:0.018518518518518517=1:0.018518518518518517=$%437@7+1:0.018518518518518517=$%35@7+1:0.018518518518518517=$%54@8+8:0.018518518518518517=$%388@7+1:0.018518518518518517=$%26@7+1:0.018518518518518517=$%341@7+1:0.018518518518518517=$%
464,0,13,276@6+0:0.018518518518518517=$%0@8+8:0.18518518518518517=7:0.05555555555555555=$7+1:0.037037037037037035=$2+6:0.018518518518518517=$6+0:0.018518518518518517=$0+3:0.018518518518518517=$5+9:0.018518518518518517=$1+4:0.018518518518518517=$%155@9+0:0.2222222222222222=$%56@7+1:0.05555555555555555=$%4@6+0:0.018518518518518517=$%71@1+4:0.018518518518518517=$0+3:0.037037037037037035=$7+3:0.018518518518518517=$%55@8+8:0.018518518518518517=$%118@7+1:0.018518518518518517=$%154@8+8:0.018518518518518517=$%428@8+8:0.018518518518518517=$%398@8+8:0.037037037037037035=$%7@7+3:0.018518518518518517=1:0.018518518518518517=$%437@7+1:0.018518518518518517=$%35@7+1:0.018518518518518517=$0+3:0.018518518518518517=$%54@8+8:0.018518518518518517=$%341@7+1:0.018518518518518517=$%
464,0,14,276@6+0:0.018518518518518517=$%0@8+8:0.2037037037037037=7:0.05555555555555555=$7+1:0.037037037037037035=$2+6:0.018518518518518517=$5+2:0.018518518518518517=$%51@8+8:0.018518518518518517=$%56@7+1:0.05555555555555555=$%155@9+0:0.2037037037037037=$%4@6+0:0.018518518518518517=$%19@5+2:0.018518518518518517=$%55@8+8:0.018518518518518517=$%437@5+2:0.018518518518518517=$%154@8+8:0.018518518518518517=$%428@8+8:0.018518518518518517=$%591@6+0:0.018518518518518517=$%472@6+0:0.018518518518518517=$%398@8+8:0.037037037037037035=$%7@7+3:0.018518518518518517=1:0.018518518518518517=$%5@6+0:0.018518518518518517=$%35@7+1:0.018518518518518517=$%54@8+8:0.018518518518518517=$%388@7+1:0.018518518518518517=$%20@7+1:0.018518518518518517=$%147@6+0:0.018518518518518517=$%71@0+3:0.018518518518518517=$%341@7+1:0.018518518518518517=$%
464,0,15,276@6+0:0.018518518518518517=$%0@8+8:0.18518518518518517=7:0.037037037037037035=$7+1:0.037037037037037035=$2+6:0.018518518518518517=$5+2:0.018518518518518517=$1+4:0.018518518518518517=$%51@8+8:0.018518518518518517=$%56@7+1:0.037037037037037035=$%155@9+0:0.25925925925925924=$%4@6+0:0.018518518518518517=$%19@5+2:0.018518518518518517=$%55@8+8:0.018518518518518517=$%1@1+4:0.018518518518518517=$%154@8+8:0.018518518518518517=$%428@8+8:0.018518518518518517=$%472@6+0:0.018518518518518517=$%398@8+8:0.037037037037037035=$%7@7+3:0.018518518518518517=1:0.018518518518518517=$%5@6+0:0.018518518518518517=$%35@7+1:0.018518518518518517=$%54@8+8:0.018518518518518517=$%388@7+1:0.018518518518518517=$%20@7+1:0.018518518518518517=$%147@6+0:0.018518518518518517=$%71@0+3:0.018518518518518517=$%341@7+1:0.018518518518518517=$%
464,0,16,276@6+0:0.018518518518518517=$%0@8+8:0.12962962962962962=7:0.018518518518518517=$7+1:0.037037037037037035=$5+2:0.018518518518518517=$1+4:0.018518518518518517=$%155@9+0:0.48148148148148145=$%56@7+1:0.05555555555555555=$%55@5+2:0.018518518518518517=$8+8:0.018518518518518517=$%71@2+6:0.018518518518518517=$1+4:0.018518518518518517=$%472@6+0:0.018518518518518517=$%7@7+3:0.018518518518518517=$%35@7+1:0.018518518518518517=$%54@8+8:0.018518518518518517=$%388@7+1:0.018518518518518517=$%20@7+1:0.018518518518518517=$%26@7+1:0.018518518518518517=$%341@7+1:0.018518518518518517=$%
464,0,17,276@6+0:0.018518518518518517=$%0@6+0:0.037037037037037035=$7+1:0.037037037037037035=$5+2:0.018518518518518517=$8+8:0.037037037037037035=7:0.018518518518518517=$1+4:0.018518518518518517=$%155@9+0:0.6296296296296297=$%35@1+4:0.037037037037037035=$7+1:0.018518518518518517=$%7@7+1:0.018518518518518517=$1+4:0.018518518518518517=$%55@8+8:0.018518518518518517=$%71@2+6:0.018518518518518517=$%56@7+1:0.037037037037037035=$%26@7+1:0.018518518518518517=$%
464,0,18,155@9+0:0.7962962962962963=$%35@1+4:0.018518518518518517=$7+1:0.018518518518518517=$%169@7+4:0.018518518518518517=$%7@7+1:0.018518518518518517=$%20@5+2:0.018518518518518517=$%1@4+6:0.018518518518518517=$%0@1+4:0.018518518518518517=$0+3:0.018518518518518517=$%56@7+1:0.018518518518518517=$%132@6+0:0.018518518518518517=$%26@7+1:0.018518518518518517=$%
464,0,19,155@9+0:0.8888888888888888=$%35@1+4:0.018518518518518517=$%169@7+4:0.018518518518518517=$%7@7+1:0.018518518518518517=$%56@7+1:0.018518518518518517=$%132@6+0:0.018518518518518517=$%0@0+3:0.018518518518518517=$%
464,0,20,155@9+0:0.9074074074074074=$%35@1+4:0.018518518518518517=$%169@7+4:0.018518518518518517=$%295@6+0:0.018518518518518517=$%132@6+0:0.018518518518518517=$%12@2+6:0.018518518518518517=$%
464,0,21,155@9+0:0.9444444444444444=$%169@7+4:0.018518518518518517=$%132@6+0:0.018518518518518517=$%12@2+6:0.018518518518518517=$%
464,0,22,155@9+0:0.9444444444444444=$%169@7+4:0.018518518518518517=$%132@6+0:0.018518518518518517=$%12@2+6:0.018518518518518517=$%
464,0,23,155@9+0:1.0=$%
464,1,0,155@9+0:0.9814814814814815=$%0@7+4:0.018518518518518517=$%
464,1,1,155@9+0:0.9814814814814815=$%0@7+4:0.018518518518518517=$%
464,1,2,155@9+0:0.9814814814814815=$%0@7+4:0.018518518518518517=$%
464,1,3,155@9+0:0.9814814814814815=$%0@7+4:0.018518518518518517=$%
464,1,4,155@9+0:0.9629629629629629=$%0@7+1:0.018518518518518517=4:0.018518518518518517=$%
464,1,5,155@9+0:0.9444444444444444=$%0@7+1:0.018518518518518517=4:0.018518518518518517=$%55@7+1:0.018518518518518517=$%
464,1,6,155@9+0:0.9259259259259259=$%0@7+1:0.018518518518518517=4:0.018518518518518517=$%55@7+1:0.018518518518518517=$%71@7+3:0.018518518518518517=$%
464,1,7,155@9+0:0.7407407407407407=$%51@8+8:0.018518518518518517=$%0@8+7:0.018518518518518517=8:0.07407407407407407=$7+1:0.037037037037037035=4:0.018518518518518517=$%54@8+8:0.018518518518518517=$%154@8+8:0.018518518518518517=$%55@7+1:0.018518518518518517=$%71@7+3:0.018518518518518517=$%53@6+0:0.018518518518518517=$%
464,1,8,155@9+0:0.3333333333333333=$%0@8+8:0.2222222222222222=7:0.037037037037037035=$7+1:0.037037037037037035=4:0.018518518518518517=$%51@8+8:0.018518518518518517=$%7@7+1:0.037037037037037035=$%35@7+1:0.018518518518518517=4:0.018518518518518517=$%26@8+8:0.018518518518518517=$7+1:0.018518518518518517=$%55@8+8:0.018518518518518517=$7+1:0.018518518518518517=$%54@8+8:0.037037037037037035=$%154@8+8:0.018518518518518517=$%428@8+8:0.018518518518518517=$%71@7+3:0.037037037037037035=$%398@8+8:0.018518518518518517=$%56@7+1:0.018518518518518517=$%255@7+1:0.018518518518518517=$%341@7+1:0.018518518518518517=$%
464,1,9,155@9+0:0.2037037037037037=$%0@8+8:0.2222222222222222=7:0.037037037037037035=$7+1:0.07407407407407407=4:0.018518518518518517=$5+9:0.018518518518518517=$%51@8+8:0.018518518518518517=$%35@5+2:0.037037037037037035=$7+1:0.018518518518518517=4:0.018518518518518517=$%7@7+1:0.037037037037037035=3:0.018518518518518517=$%71@1+4:0.018518518518518517=$7+3:0.037037037037037035=$%26@8+8:0.018518518518518517=$7+1:0.018518518518518517=$%55@8+8:0.018518518518518517=$7+1:0.018518518518518517=$%54@8+8:0.037037037037037035=$%154@8+8:0.018518518518518517=$%428@8+8:0.018518518518518517=$%398@8+8:0.018518518518518517=$%56@7+1:0.018518518518518517=$%255@7+1:0.018518518518518517=$%341@7+1:0.018518518518518517=$%
464,1,10,155@9+0:0.18518518518518517=$%0@8+8:0.2222222222222222=7:0.037037037037037035=$7+1:0.07407407407407407=4:0.018518518518518517=$5+9:0.018518518518518517=$%51@8+8:0.018518518518518517=$%35@5+2:0.018518518518518517=$1+4:0.018518518518518517=$7+1:0.018518518518518517=4:0.018518518518518517=$%7@7+1:0.037037037037037035=3:0.018518518518518517=$%71@1+4:0.018518518518518517=$7+3:0.037037037037037035=$0+3:0.018518518518518517=$%26@8+8:0.018518518518518517=$7+1:0.018518518518518517=$%55@8+8:0.018518518518518517=$7+1:0.018518518518518517=$%54@8+8:0.037037037037037035=$%154@8+8:0.018518518518518517=$%428@8+8:0.018518518518518517=$%398@8+8:0.018518518518518517=$%56@7+1:0.018518518518518517=$%255@7+1:0.018518518518518517=$%341@7+1:0.018518518518518517=$%
464,1,11,35@7+1:0.037037037037037035=4:0.018518518518518517=$%0@8+8:0.2222222222222222=7:0.037037037037037035=$7+1:0.07407407407407407=4:0.018518518518518517=$%51@8+8:0.018518518518518517=$%155@9+0:0.25925925925925924=$%7@7+1:0.018518518518518517=3:0.018518518518518517=$%71@1+4:0.018518518518518517=$7+3:0.037037037037037035=$%26@8+8:0.018518518518518517=$7+1:0.018518518518518517=$%55@8+8:0.018518518518518517=$7+1:0.018518518518518517=$%54@8+8:0.037037037037037035=$%154@8+8:0.018518518518518517=$%398@8+8:0.018518518518518517=$%344@1+4:0.018518518518518517=$%56@7+1:0.018518518518518517=$%255@7+1:0.018518518518518517=$%341@7+1:0.018518518518518517=$%
464,1,12,35@7+1:0.037037037037037035=4:0.018518518518518517=$%9@6+0:0.018518518518518517=$%51@8+8:0.018518518518518517=$%155@9+0:0.37037037037037035=$%7@7+1:0.018518518518518517=3:0.018518518518518517=$%0@8+7:0.037037037037037035=8:0.18518518518518517=$7+1:0.05555555555555555=$%26@8+8:0.018518518518518517=$7+1:0.018518518518518517=$%71@0+3:0.05555555555555555=$7+3:0.037037037037037035=$%55@8+8:0.018518518518518517=$7+1:0.018518518518518517=$%54@8+8:0.018518518518518517=$%154@8+8:0.018518518518518517=$%20@7+1:0.018518518518518517=$%
464,1,13,0@1+4:0.018518518518518517=$8+8:0.2222222222222222=7:0.037037037037037035=$2+6:0.018518518518518517=$0+3:0.018518518518518517=$7+1:0.037037037037037035=4:0.018518518518518517=$%51@8+8:0.018518518518518517=$%155@9+0:0.25925925925925924=$%7@7+1:0.018518518518518517=3:0.018518518518518517=$%71@0+3:0.018518518518518517=$7+3:0.037037037037037035=$%26@8+8:0.018518518518518517=$7+1:0.018518518518518517=$%35@7+4:0.018518518518518517=$%55@8+8:0.018518518518518517=$%54@8+8:0.037037037037037035=$5+2:0.018518518518518517=$%154@8+8:0.018518518518518517=$%428@8+8:0.018518518518518517=$%398@8+8:0.018518518518518517=$%437@7+1:0.018518518518518517=$%20@7+1:0.018518518518518517=$%56@7+1:0.018518518518518517=$%255@7+1:0.018518518518518517=$%
464,1,14,155@9+0:0.2777777777777778=$%0@8+8:0.2222222222222222=7:0.018518518518518517=$2+6:0.018518518518518517=$7+1:0.037037037037037035=4:0.018518518518518517=$%51@8+8:0.018518518518518517=$%7@7+1:0.018518518518518517=3:0.018518518518518517=$1+4:0.018518518518518517=$%250@4+6:0.018518518518518517=$%35@7+1:0.018518518518518517=4:0.018518518518518517=$%26@8+8:0.018518518518518517=$7+1:0.018518518518518517=$%55@8+8:0.018518518518518517=$5+2:0.018518518518518517=$%54@8+8:0.037037037037037035=$5+2:0.018518518518518517=$%154@8+8:0.018518518518518517=$%428@8+8:0.018518518518518517=$%398@8+8:0.018518518518518517=$%437@7+1:0.018518518518518517=$%20@7+1:0.018518518518518517=$%56@7+1:0.018518518518518517=$%255@7+1:0.018518518518518517=$%71@7+3:0.018518518518518517=$%
464,1,15,155@9+0:0.3333333333333333=$%0@8+8:0.2222222222222222=7:0.018518518518518517=$2+6:0.018518518518518517=$7+1:0.037037037037037035=4:0.018518518518518517=$%51@8+8:0.018518518518518517=$%7@7+1:0.018518518518518517=3:0.018518518518518517=$1+4:0.018518518518518517=$%35@7+1:0.018518518518518517=4:0.018518518518518517=$%26@8+8:0.018518518518518517=$7+1:0.018518518518518517=$%55@8+8:0.018518518518518517=$%54@8+8:0.037037037037037035=$%154@8+8:0.018518518518518517=$%428@8+8:0.018518518518518517=$%437@7+1:0.018518518518518517=$%20@5+2:0.018518518518518517=$7+1:0.018518518518518517=$%56@7+1:0.018518518518518517=$%255@7+1:0.018518518518518517=$%71@7+3:0.018518518518518517=$%
464,1,16,155@9+0:0.42592592592592593=$%0@8+8:0.16666666666666666=$7+1:0.037037037037037035=4:0.018518518518518517=$%51@8+8:0.018518518518518517=$%7@7+1:0.018518518518518517=3:0.018518518518518517=$5+9:0.018518518518518517=$1+4:0.018518518518518517=$%65@2+6:0.018518518518518517=$%35@7+1:0.018518518518518517=$%337@6+0:0.018518518518518517=$%26@8+8:0.018518518518518517=$7+1:0.018518518518518517=$%140@5+2:0.018518518518518517=$%54@8+8:0.037037037037037035=$%437@7+1:0.018518518518518517=$%388@7+1:0.018518518518518517=$%20@7+1:0.018518518518518517=$%56@7+1:0.018518518518518517=$%255@7+1:0.018518518518518517=$%71@7+3:0.018518518518518517=$%
464,1,17,155@9+0:0.7407407407407407=$%7@7+1:0.018518518518518517=3:0.018518518518518517=$%35@7+1:0.018518518518518517=$%337@6+0:0.018518518518518517=$%54@8+8:0.018518518518518517=$%110@2+6:0.018518518518518517=$%4@1+4:0.018518518518518517=$%0@8+8:0.018518518518518517=$%437@7+1:0.018518518518518517=$%20@7+1:0.018518518518518517=$%56@7+1:0.018518518518518517=$%255@7+1:0.018518518518518517=$%71@7+3:0.018518518518518517=$%26@7+1:0.018518518518518517=$%
464,1,18,155@9+0:0.7962962962962963=$%7@7+1:0.018518518518518517=3:0.018518518518518517=$%96@2+6:0.018518518518518517=$%110@2+6:0.018518518518518517=$%1@1+4:0.018518518518518517=$%189@2+6:0.018518518518518517=$%0@7+1:0.018518518518518517=$%20@7+1:0.018518518518518517=$%56@7+1:0.018518518518518517=$%255@7+1:0.018518518518518517=$%437@5+2:0.018518518518518517=$%
464,1,19,155@9+0:0.8888888888888888=$%7@7+1:0.018518518518518517=$%594@6+0:0.018518518518518517=$%1@1+4:0.018518518518518517=$%0@7+1:0.018518518518518517=$%20@7+1:0.018518518518518517=$%255@7+1:0.018518518518518517=$%
464,1,20,155@9+0:0.9444444444444444=$%7@7+1:0.018518518518518517=$%0@7+1:0.018518518518518517=$6+0:0.018518518518518517=$%
464,1,21,155@9+0:1.0=$%
464,1,22,155@9+0:1.0=$%
464,1,23,155@9+0:1.0=$%
464,2,0,155@9+0:1.0=$%
464,2,1,155@9+0:1.0=$%
464,2,2,155@9+0:1.0=$%
464,2,3,155@9+0:1.0=$%
464,2,4,155@9+0:0.9814814814814815=$%0@7+1:0.018518518518518517=$%
464,2,5,155@9+0:0.9814814814814815=$%0@7+1:0.018518518518518517=$%
464,2,6,155@9+0:0.9444444444444444=$%418@7+5:0.018518518518518517=$%0@7+1:0.018518518518518517=$%71@0+3:0.018518518518518517=$%
464,2,7,155@9+0:0.7407407407407407=$%7@7+1:0.018518518518518517=3:0.018518518518518517=$%418@7+5:0.018518518518518517=$%0@8+7:0.018518518518518517=8:0.05555555555555555=$7+1:0.018518518518518517=$%26@8+8:0.018518518518518517=$7+1:0.018518518518518517=$%54@8+8:0.037037037037037035=$%35@7+4:0.018518518518518517=$%398@8+8:0.018518518518518517=$%
464,2,8,155@9+0:0.3888888888888889=$%0@8+8:0.16666666666666666=7:0.018518518518518517=$7+1:0.037037037037037035=$%51@8+8:0.018518518518518517=$%7@7+1:0.037037037037037035=3:0.018518518518518517=$%418@7+5:0.018518518518518517=$%54@7+1:0.018518518518518517=$8+8:0.037037037037037035=$%169@7+4:0.018518518518518517=$%437@7+1:0.018518518518518517=$%26@8+8:0.018518518518518517=$7+1:0.018518518518518517=$%35@7+4:0.018518518518518517=$%154@8+8:0.018518518518518517=$%55@7+1:0.018518518518518517=$%398@8+8:0.037037037037037035=$%388@7+1:0.037037037037037035=$%20@7+1:0.018518518518518517=$%341@7+1:0.018518518518518517=$%
464,2,9,155@9+0:0.3148148148148148=$%0@8+8:0.16666666666666666=7:0.018518518518518517=$7+1:0.05555555555555555=$%51@8+8:0.018518518518518517=$%7@7+1:0.037037037037037035=3:0.018518518518518517=$%418@7+5:0.018518518518518517=$%54@7+1:0.018518518518518517=$8+8:0.037037037037037035=$%169@7+4:0.018518518518518517=$%35@7+1:0.018518518518518517=4:0.018518518518518517=$%437@7+1:0.018518518518518517=$%140@5+2:0.018518518518518517=$%26@8+8:0.018518518518518517=$7+1:0.018518518518518517=$%154@8+8:0.018518518518518517=$%55@7+1:0.018518518518518517=$%71@7+3:0.018518518518518517=$%398@8+8:0.037037037037037035=$%388@7+1:0.037037037037037035=$%20@7+1:0.018518518518518517=$%341@7+1:0.018518518518518517=$%
464,2,10,155@9+0:0.25925925925925924=$%0@8+8:0.16666666666666666=7:0.018518518518518517=$7+1:0.07407407407407407=$%51@8+8:0.018518518518518517=$%7@7+1:0.037037037037037035=3:0.018518518518518517=$%418@7+5:0.018518518518518517=$%54@7+1:0.018518518518518517=$8+8:0.037037037037037035=$%169@7+4:0.018518518518518517=$%35@7+1:0.018518518518518517=4:0.018518518518518517=$%55@4+6:0.018518518518518517=$7+1:0.018518518518518517=$%437@7+1:0.018518518518518517=$%26@8+8:0.018518518518518517=$7+1:0.018518518518518517=$%569@6+0:0.018518518518518517=$%154@8+8:0.018518518518518517=$%71@2+6:0.018518518518518517=$7+3:0.018518518518518517=$%398@8+8:0.037037037037037035=$%388@7+1:0.037037037037037035=$%20@7+1:0.018518518518518517=$%341@7+1:0.018518518518518517=$%
464,2,11,155@9+0:0.2777777777777778=$%0@8+8:0.14814814814814814=7:0.018518518518518517=$7+1:0.05555555555555555=$%7@7+1:0.037037037037037035=3:0.018518518518518517=$1+4:0.018518518518518517=$%418@7+5:0.018518518518518517=$%54@7+1:0.018518518518518517=$8+8:0.037037037037037035=$%169@7+4:0.018518518518518517=$%35@7+1:0.018518518518518517=$%55@4+6:0.018518518518518517=$7+1:0.018518518518518517=$%437@7+1:0.018518518518518517=$%26@8+8:0.018518518518518517=$7+1:0.018518518518518517=$%569@6+0:0.018518518518518517=$%71@1+4:0.037037037037037035=$2+6:0.018518518518518517=$7+3:0.018518518518518517=$%154@8+8:0.018518518518518517=$%398@8+8:0.037037037037037035=$%388@7+1:0.037037037037037035=$%20@7+1:0.018518518518518517=$%341@7+1:0.018518518518518517=$%
464,2,12,155@9+0:0.5185185185185185=$%7@7+1:0.037037037037037035=$%418@7+5:0.018518518518518517=$%54@7+1:0.018518518518518517=$%169@7+4:0.018518518518518517=$%0@8+7:0.018518518518518517=8:0.07407407407407407=$7+1:0.05555555555555555=$1+4:0.018518518518518517=$%35@7+1:0.018518518518518517=4:0.018518518518518517=$%26@8+8:0.018518518518518517=$7+1:0.018518518518518517=$%71@1+4:0.018518518518518517=$0+3:0.018518518518518517=$7+3:0.018518518518518517=$%55@7+1:0.018518518518518517=$%388@7+1:0.018518518518518517=$%20@7+1:0.018518518518518517=$%398@8+8:0.018518518518518517=$%56@1+4:0.018518518518518517=$%
464,2,13,0@5+2:0.018518518518518517=$8+7:0.018518518518518517=8:0.05555555555555555=$4+6:0.018518518518518517=$7+1:0.05555555555555555=$%155@9+0:0.46296296296296297=$%191@4+6:0.018518518518518517=$%7@7+1:0.037037037037037035=$6+0:0.018518518518518517=$%418@7+5:0.018518518518518517=$%54@7+1:0.018518518518518517=$%169@7+4:0.018518518518518517=$%35@7+1:0.018518518518518517=4:0.037037037037037035=$%437@7+1:0.018518518518518517=$%26@8+8:0.018518518518518517=$7+1:0.018518518518518517=$%59@1+4:0.018518518518518517=$%71@1+4:0.018518518518518517=$%55@7+1:0.018518518518518517=$%388@7+1:0.018518518518518517=$%20@7+1:0.018518518518518517=$%398@8+8:0.018518518518518517=$%341@7+1:0.018518518518518517=$%
464,2,14,155@9+0:0.3888888888888889=$%663@6+0:0.018518518518518517=$%7@7+1:0.037037037037037035=$6+0:0.018518518518518517=$%418@7+5:0.018518518518518517=$%54@7+1:0.018518518518518517=$%169@7+4:0.018518518518518517=$%35@7+1:0.018518518518518517=4:0.037037037037037035=$%0@4+6:0.018518518518518517=$8+8:0.05555555555555555=$6+0:0.018518518518518517=$2+6:0.018518518518518517=$7+1:0.037037037037037035=$5+2:0.018518518518518517=$1+4:0.018518518518518517=$%437@7+1:0.018518518518518517=$%26@8+8:0.018518518518518517=$7+1:0.018518518518518517=$%59@6+0:0.018518518518518517=$8+7:0.018518518518518517=$%51@2+6:0.018518518518518517=$%55@7+1:0.018518518518518517=$%71@7+3:0.018518518518518517=$%398@8+8:0.037037037037037035=$%388@7+1:0.018518518518518517=$%20@7+1:0.018518518518518517=$%341@7+1:0.018518518518518517=$%
464,2,15,155@9+0:0.3333333333333333=$%663@6+0:0.018518518518518517=$%20@1+4:0.018518518518518517=$7+1:0.018518518518518517=$%7@7+1:0.037037037037037035=$1+4:0.018518518518518517=$6+0:0.018518518518518517=$%418@7+5:0.018518518518518517=$%54@7+1:0.018518518518518517=$%169@7+4:0.018518518518518517=$%56@1+4:0.018518518518518517=$%35@7+1:0.018518518518518517=4:0.037037037037037035=$6+0:0.018518518518518517=$%0@8+8:0.05555555555555555=$6+0:0.018518518518518517=$4+6:0.018518518518518517=$2+6:0.018518518518518517=$7+1:0.037037037037037035=$%437@7+1:0.018518518518518517=$1+4:0.018518518518518517=$%26@8+8:0.018518518518518517=$7+1:0.018518518518518517=$%59@6+0:0.037037037037037035=$8+7:0.018518518518518517=$%55@7+1:0.018518518518518517=$%71@7+3:0.018518518518518517=$1+4:0.018518518518518517=$%398@8+8:0.018518518518518517=$%388@7+1:0.018518518518518517=$%341@7+1:0.018518518518518517=$%
464,2,16,155@9+0:0.3148148148148148=$%663@6+0:0.018518518518518517=$%0@5+2:0.037037037037037035=$8+8:0.05555555555555555=$6+0:0.018518518518518517=$1+4:0.018518518518518517=$4+6:0.018518518518518517=$2+6:0.018518518518518517=$7+1:0.037037037037037035=$%418@7+5:0.018518518518518517=$%54@7+1:0.018518518518518517=$%169@7+4:0.018518518518518517=$%7@7+1:0.018518518518518517=$6+0:0.037037037037037035=$%35@7+1:0.018518518518518517=4:0.037037037037037035=$6+0:0.018518518518518517=$1+4:0.018518518518518517=$%437@7+1:0.018518518518518517=$%26@8+8:0.018518518518518517=$7+1:0.018518518518518517=$%59@6+0:0.018518518518518517=$8+7:0.018518518518518517=$%55@7+1:0.018518518518518517=$%71@7+3:0.018518518518518517=$%398@8+8:0.018518518518518517=$%440@2+11:0.018518518518518517=$%1@1+4:0.018518518518518517=$%388@7+1:0.018518518518518517=$%20@7+1:0.018518518518518517=$%250@6+0:0.018518518518518517=$%341@7+1:0.018518518518518517=$%
464,2,17,155@9+0:0.5370370370370371=$%169@1+4:0.037037037037037035=$7+4:0.018518518518518517=$%0@4+6:0.018518518518518517=$7+1:0.037037037037037035=$1+4:0.037037037037037035=$5+2:0.018518518518518517=$2+6:0.018518518518518517=$%418@7+5:0.018518518518518517=$%54@7+1:0.018518518518518517=$%7@6+0:0.018518518518518517=$%437@7+1:0.018518518518518517=$%59@6+0:0.018518518518518517=$%35@7+4:0.037037037037037035=$6+0:0.018518518518518517=$%55@7+1:0.018518518518518517=$%71@7+3:0.018518518518518517=$%398@8+8:0.018518518518518517=$%440@2+11:0.018518518518518517=$%189@1+4:0.018518518518518517=$%250@6+0:0.018518518518518517=$%341@7+1:0.018518518518518517=$%
464,2,18,155@9+0:0.7407407407407407=$%0@4+6:0.018518518518518517=$5+2:0.018518518518518517=$6+0:0.018518518518518517=$%418@7+5:0.018518518518518517=$%7@6+0:0.018518518518518517=$%140@1+4:0.018518518518518517=$%35@7+4:0.037037037037037035=$6+0:0.018518518518518517=$%172@1+4:0.018518518518518517=$%71@7+3:0.018518518518518517=$%440@2+11:0.018518518518518517=$%250@6+0:0.018518518518518517=$%341@7+1:0.018518518518518517=$%
464,2,19,155@9+0:0.9074074074074074=$%418@7+5:0.018518518518518517=$%35@7+4:0.018518518518518517=$%189@6+0:0.018518518518518517=$%255@7+1:0.018518518518518517=$%71@2+6:0.018518518518518517=$%
464,2,20,155@9+0:0.9444444444444444=$%418@7+5:0.018518518518518517=$%0@5+9:0.018518518518518517=$%71@2+6:0.018518518518518517=$%
464,2,21,155@9+0:0.9814814814814815=$%418@7+5:0.018518518518518517=$%
464,2,22,155@9+0:1.0=$%
464,2,23,155@9+0:1.0=$%
464,3,0,155@9+0:0.9814814814814815=$%71@0+3:0.018518518518518517=$%
464,3,1,155@9+0:0.9814814814814815=$%71@0+3:0.018518518518518517=$%
464,3,2,155@9+0:0.9814814814814815=$%71@0+3:0.018518518518518517=$%
464,3,3,155@9+0:0.9814814814814815=$%71@0+3:0.018518518518518517=$%
464,3,4,155@9+0:0.9814814814814815=$%71@0+3:0.018518518518518517=$%
464,3,5,155@9+0:0.9814814814814815=$%71@0+3:0.018518518518518517=$%
464,3,6,155@9+0:0.9629629629629629=$%35@7+4:0.018518518518518517=$%71@0+3:0.018518518518518517=$%
464,3,7,155@9+0:0.6851851851851852=$%0@8+8:0.07407407407407407=7:0.018518518518518517=$%51@8+8:0.018518518518518517=$%54@7+1:0.018518518518518517=$8+8:0.018518518518518517=$%26@8+8:0.018518518518518517=$%55@8+8:0.018518518518518517=$%35@7+4:0.018518518518518517=$%71@0+3:0.018518518518518517=$%398@8+8:0.037037037037037035=$%56@7+1:0.018518518518518517=$%20@7+1:0.018518518518518517=$%7@7+1:0.018518518518518517=$%
464,3,8,35@7+1:0.037037037037037035=4:0.018518518518518517=$%0@8+8:0.2037037037037037=7:0.018518518518518517=$7+1:0.018518518518518517=4:0.018518518518518517=$%51@8+8:0.018518518518518517=$%155@9+0:0.37037037037037035=$%54@7+1:0.018518518518518517=$8+8:0.037037037037037035=$%26@8+8:0.018518518518518517=$%55@8+8:0.018518518518518517=$%118@7+1:0.018518518518518517=$%428@8+8:0.018518518518518517=$%71@0+3:0.018518518518518517=$7+3:0.018518518518518517=$%398@8+8:0.037037037037037035=$%56@7+1:0.018518518518518517=$%388@7+1:0.018518518518518517=$%20@7+1:0.018518518518518517=$%7@7+1:0.018518518518518517=$%341@7+1:0.018518518518518517=$%
464,3,9,35@7+1:0.037037037037037035=4:0.018518518518518517=$%0@8+8:0.2037037037037037=7:0.018518518518518517=$7+1:0.037037037037037035=4:0.018518518518518517=$%51@8+8:0.018518518518518517=$%56@7+1:0.037037037037037035=$%155@9+0:0.25925925925925924=$%54@7+1:0.018518518518518517=$8+8:0.037037037037037035=$%26@8+8:0.018518518518518517=$7+1:0.018518518518518517=$%55@8+8:0.018518518518518517=$%118@7+1:0.018518518518518517=$%154@8+8:0.018518518518518517=$%428@8+8:0.018518518518518517=$%71@0+3:0.018518518518518517=$7+3:0.018518518518518517=$5+2:0.018518518518518517=$1+4:0.018518518518518517=$%398@8+8:0.037037037037037035=$%388@7+1:0.018518518518518517=$%20@7+1:0.018518518518518517=$%7@7+1:0.018518518518518517=$%341@7+1:0.018518518518518517=$%
464,3,10,35@7+1:0.037037037037037035=4:0.018518518518518517=$%0@8+8:0.2222222222222222=7:0.018518518518518517=$7+1:0.05555555555555555=4:0.018518518518518517=$5+2:0.018518518518518517=$1+4:0.018518518518518517=$%51@8+8:0.018518518518518517=$%56@7+1:0.05555555555555555=$%7@7+1:0.037037037037037035=$1+4:0.018518518518518517=$%418@7+5:0.018518518518518517=$%54@7+1:0.018518518518518517=$8+8:0.037037037037037035=$%15@5+2:0.018518518518518517=$%155@9+0:0.09259259259259259=$%26@8+8:0.018518518518518517=$7+1:0.018518518518518517=$%55@8+8:0.018518518518518517=$%118@7+1:0.018518518518518517=$%154@8+8:0.018518518518518517=$%428@8+8:0.018518518518518517=$%71@0+3:0.018518518518518517=$7+3:0.018518518518518517=$5+2:0.018518518518518517=$%398@8+8:0.037037037037037035=$%250@1+4:0.018518518518518517=$%388@7+1:0.018518518518518517=$%20@7+1:0.018518518518518517=$%341@7+1:0.018518518518518517=$%
464,3,11,155@9+0:0.16666666666666666=$%0@8+8:0.2222222222222222=7:0.018518518518518517=$7+1:0.05555555555555555=4:0.018518518518518517=$5+2:0.018518518518518517=$1+4:0.018518518518518517=$%51@8+8:0.018518518518518517=$%56@7+1:0.05555555555555555=$%7@7+1:0.037037037037037035=$%418@7+5:0.018518518518518517=$%54@7+1:0.018518518518518517=$8+8:0.037037037037037035=$%26@8+8:0.018518518518518517=$7+1:0.018518518518518517=$%55@8+8:0.018518518518518517=$1+4:0.018518518518518517=$%118@7+1:0.018518518518518517=$%35@7+4:0.018518518518518517=1:0.018518518518518517=$%154@8+8:0.018518518518518517=$%428@8+8:0.018518518518518517=$%71@0+3:0.018518518518518517=$%398@8+8:0.037037037037037035=$%250@1+4:0.018518518518518517=$%388@7+1:0.018518518518518517=$%20@7+1:0.018518518518518517=$%341@7+1:0.018518518518518517=$%
464,3,12,155@9+0:0.3148148148148148=$%0@8+8:0.14814814814814814=7:0.018518518518518517=$7+1:0.037037037037037035=$0+3:0.018518518518518517=$5+2:0.018518518518518517=$%51@8+8:0.018518518518518517=$%7@7+1:0.037037037037037035=$%418@7+5:0.018518518518518517=$%21@4+6:0.018518518518518517=$%26@8+8:0.018518518518518517=$7+1:0.018518518518518517=$%55@8+8:0.018518518518518517=$%118@7+1:0.018518518518518517=$%35@7+4:0.018518518518518517=1:0.018518518518518517=$%154@8+8:0.018518518518518517=$%428@8+8:0.018518518518518517=$%71@0+3:0.05555555555555555=$%398@8+8:0.037037037037037035=$%1@2+6:0.018518518518518517=$%54@8+8:0.018518518518518517=$%56@7+1:0.037037037037037035=$%5@4+6:0.018518518518518517=$%341@7+1:0.018518518518518517=$%
464,3,13,35@7+1:0.037037037037037035=4:0.018518518518518517=$1+4:0.018518518518518517=$%0@8+8:0.2222222222222222=7:0.018518518518518517=$7+1:0.037037037037037035=$5+2:0.018518518518518517=$2+6:0.018518518518518517=$%51@8+8:0.018518518518518517=$%155@9+0:0.2037037037037037=$%7@7+1:0.037037037037037035=$%71@0+3:0.05555555555555555=$%26@8+8:0.018518518518518517=$7+1:0.018518518518518517=$%55@8+8:0.018518518518518517=$1+4:0.018518518518518517=$%118@7+1:0.018518518518518517=$%54@8+8:0.037037037037037035=$%154@8+8:0.018518518518518517=$%428@8+8:0.018518518518518517=$%398@8+8:0.037037037037037035=$%1@2+6:0.018518518518518517=$%56@7+1:0.037037037037037035=$%388@7+1:0.018518518518518517=$%341@7+1:0.018518518518518517=$%
464,3,14,35@7+1:0.037037037037037035=4:0.018518518518518517=$%0@8+8:0.2222222222222222=7:0.018518518518518517=$7+1:0.05555555555555555=4:0.018518518518518517=$1+4:0.018518518518518517=$2+6:0.018518518518518517=$%51@8+8:0.018518518518518517=$%56@7+1:0.05555555555555555=$%7@7+1:0.037037037037037035=$%418@7+5:0.018518518518518517=$%54@7+1:0.018518518518518517=$8+8:0.037037037037037035=$%155@9+0:0.18518518518518517=$%26@8+8:0.018518518518518517=$7+1:0.018518518518518517=$%172@6+0:0.018518518518518517=$%55@8+8:0.018518518518518517=$1+4:0.018518518518518517=$%118@7+1:0.018518518518518517=$%154@8+8:0.018518518518518517=$%428@8+8:0.018518518518518517=$%388@7+1:0.018518518518518517=$%20@7+1:0.018518518518518517=$%398@8+8:0.018518518518518517=$%341@7+1:0.018518518518518517=$%
464,3,15,35@7+1:0.037037037037037035=$%0@8+8:0.18518518518518517=7:0.018518518518518517=$7+1:0.037037037037037035=4:0.018518518518518517=$2+6:0.037037037037037035=$1+4:0.018518518518518517=$%51@8+8:0.018518518518518517=$%56@7+1:0.05555555555555555=$%7@7+1:0.037037037037037035=$%418@7+5:0.018518518518518517=$%54@7+1:0.018518518518518517=$8+8:0.037037037037037035=$%155@9+0:0.2222222222222222=$%26@8+8:0.018518518518518517=$7+1:0.018518518518518517=$%172@6+0:0.018518518518518517=$%319@6+0:0.018518518518518517=$%55@8+8:0.018518518518518517=$1+4:0.018518518518518517=$%118@7+1:0.018518518518518517=$%154@8+8:0.018518518518518517=$%428@8+8:0.018518518518518517=$%388@7+1:0.018518518518518517=$%20@7+1:0.018518518518518517=$%398@8+8:0.018518518518518517=$%341@7+1:0.018518518518518517=$%
464,3,16,35@7+1:0.037037037037037035=$%0@8+8:0.14814814814814814=7:0.018518518518518517=$5+9:0.018518518518518517=$7+1:0.018518518518518517=4:0.018518518518518517=$1+4:0.018518518518518517=$%51@8+8:0.018518518518518517=$%56@7+1:0.05555555555555555=$%155@9+0:0.37037037037037035=$%418@7+5:0.018518518518518517=$%54@7+1:0.018518518518518517=$8+8:0.018518518518518517=$1+4:0.018518518518518517=$%319@6+0:0.018518518518518517=$%55@8+8:0.018518518518518517=$1+4:0.018518518518518517=$%118@7+1:0.018518518518518517=$%140@6+0:0.018518518518518517=$%388@7+1:0.018518518518518517=$%20@7+1:0.018518518518518517=$%398@8+8:0.018518518518518517=$%7@7+1:0.018518518518518517=$%26@7+1:0.018518518518518517=$%341@7+1:0.018518518518518517=$%
464,3,17,35@7+1:0.037037037037037035=$5+2:0.018518518518518517=$%155@9+0:0.6111111111111112=$%56@7+1:0.05555555555555555=$%418@7+5:0.018518518518518517=$%4@5+2:0.018518518518518517=$%0@8+7:0.018518518518518517=8:0.018518518518518517=$1+4:0.018518518518518517=$7+4:0.018518518518518517=$%118@7+1:0.018518518518518517=$%140@6+0:0.018518518518518517=$%55@1+4:0.037037037037037035=$%398@6+0:0.018518518518518517=$8+8:0.018518518518518517=$%388@7+1:0.018518518518518517=$%54@1+4:0.018518518518518517=$%26@7+1:0.018518518518518517=$%
464,3,18,35@7+1:0.018518518518518517=$4+6:0.018518518518518517=$1+4:0.018518518518518517=$%155@9+0:0.7962962962962963=$%56@7+1:0.037037037037037035=$%0@8+7:0.018518518518518517=$%5@4+10:0.018518518518518517=$%250@1+4:0.018518518518518517=$%140@6+0:0.018518518518518517=$%71@1+4:0.018518518518518517=$%26@7+1:0.018518518518518517=$%
464,3,19,155@9+0:0.9074074074074074=$%5@4+10:0.018518518518518517=$%250@1+4:0.018518518518518517=$%71@7+3:0.018518518518518517=$%35@4+6:0.018518518518518517=$%56@7+1:0.018518518518518517=$%
464,3,20,155@9+0:0.9629629629629629=$%71@0+3:0.018518518518518517=$%56@7+1:0.018518518518518517=$%
464,3,21,155@9+0:0.9814814814814815=$%71@0+3:0.018518518518518517=$%
464,3,22,155@9+0:0.9814814814814815=$%71@0+3:0.018518518518518517=$%
464,3,23,155@9+0:1.0=$%
464,4,0,155@9+0:1.0=$%
464,4,1,155@9+0:1.0=$%
464,4,2,155@9+0:1.0=$%
464,4,3,155@9+0:1.0=$%
464,4,4,155@9+0:1.0=$%
464,4,5,155@9+0:0.9814814814814815=$%341@7+1:0.018518518518518517=$%
464,4,6,155@9+0:0.9444444444444444=$%388@7+1:0.018518518518518517=$%0@7+1:0.018518518518518517=$%341@7+1:0.018518518518518517=$%
464,4,7,155@9+0:0.6666666666666666=$%56@7+1:0.037037037037037035=$%7@7+1:0.018518518518518517=3:0.018518518518518517=$%0@8+8:0.07407407407407407=$7+4:0.018518518518518517=1:0.018518518518518517=$%437@7+1:0.018518518518518517=$%35@7+4:0.018518518518518517=1:0.018518518518518517=$%55@8+8:0.018518518518518517=$%54@8+8:0.018518518518518517=$%388@7+1:0.037037037037037035=$%341@7+1:0.018518518518518517=$%
464,4,8,35@7+1:0.05555555555555555=4:0.018518518518518517=$%0@8+8:0.16666666666666666=$7+4:0.018518518518518517=1:0.037037037037037035=$%51@8+8:0.018518518518518517=$%56@7+1:0.037037037037037035=$%7@7+1:0.037037037037037035=3:0.018518518518518517=$%418@7+5:0.018518518518518517=$%155@9+0:0.2962962962962963=$%437@7+1:0.037037037037037035=$%26@8+8:0.018518518518518517=$7+1:0.018518518518518517=$%55@8+8:0.018518518518518517=$%54@8+8:0.037037037037037035=$%154@8+8:0.018518518518518517=$%71@7+3:0.018518518518518517=$%398@8+8:0.037037037037037035=$%388@7+1:0.037037037037037035=$%255@7+1:0.018518518518518517=$%341@7+1:0.018518518518518517=$%
464,4,9,35@7+1:0.05555555555555555=4:0.018518518518518517=$%0@8+8:0.24074074074074073=$7+1:0.05555555555555555=4:0.018518518518518517=$%51@8+8:0.018518518518518517=$%56@7+1:0.05555555555555555=$%7@7+1:0.037037037037037035=3:0.018518518518518517=$%418@7+5:0.018518518518518517=$%155@9+0:0.16666666666666666=$%169@7+4:0.018518518518518517=$%437@7+1:0.037037037037037035=$%26@8+8:0.018518518518518517=$7+1:0.018518518518518517=$%55@8+8:0.018518518518518517=$%54@8+8:0.037037037037037035=$%154@8+8:0.018518518518518517=$%71@7+3:0.018518518518518517=$%398@8+8:0.037037037037037035=$%388@7+1:0.037037037037037035=$%255@7+1:0.018518518518518517=$%341@7+1:0.018518518518518517=$%
464,4,10,35@7+1:0.05555555555555555=4:0.018518518518518517=$5+2:0.018518518518518517=$%0@8+8:0.24074074074074073=$7+1:0.05555555555555555=4:0.018518518518518517=$%51@8+8:0.018518518518518517=$%56@7+1:0.05555555555555555=$%7@7+1:0.037037037037037035=3:0.018518518518518517=$%418@7+5:0.018518518518518517=$%155@9+0:0.14814814814814814=$%169@7+4:0.018518518518518517=$%437@7+1:0.037037037037037035=$%26@8+8:0.018518518518518517=$7+1:0.018518518518518517=$%55@8+8:0.018518518518518517=$%118@7+1:0.018518518518518517=$%54@8+8:0.037037037037037035=$%154@8+8:0.018518518518518517=$%398@8+8:0.037037037037037035=$%388@7+1:0.037037037037037035=$%255@7+1:0.018518518518518517=$%341@7+1:0.018518518518518517=$%
464,4,11,35@7+1:0.037037037037037035=4:0.018518518518518517=$5+2:0.018518518518518517=$%0@8+8:0.2222222222222222=$7+1:0.05555555555555555=4:0.018518518518518517=$%51@8+8:0.018518518518518517=$%56@7+1:0.05555555555555555=$%7@7+1:0.037037037037037035=3:0.018518518518518517=$%418@7+5:0.018518518518518517=$%155@9+0:0.14814814814814814=$%169@7+4:0.018518518518518517=$%437@7+1:0.037037037037037035=$%26@8+8:0.018518518518518517=$7+1:0.018518518518518517=$%55@8+8:0.018518518518518517=$%118@7+1:0.018518518518518517=$%54@8+8:0.037037037037037035=$%71@2+6:0.018518518518518517=$%154@8+8:0.018518518518518517=$%398@8+8:0.037037037037037035=$%189@1+4:0.018518518518518517=$%388@7+1:0.037037037037037035=$%20@7+1:0.018518518518518517=$%341@7+1:0.018518518518518517=$%
464,4,12,35@7+1:0.05555555555555555=$%0@8+8:0.2222222222222222=$7+1:0.05555555555555555=4:0.018518518518518517=$0+3:0.037037037037037035=$%51@8+8:0.018518518518518517=$%71@0+3:0.05555555555555555=$2+6:0.018518518518518517=$7+3:0.018518518518518517=$%7@7+1:0.037037037037037035=3:0.018518518518518517=$%418@7+5:0.018518518518518517=$%155@9+0:0.09259259259259259=$%169@7+4:0.018518518518518517=$%437@7+1:0.037037037037037035=$%26@8+8:0.018518518518518517=$7+1:0.018518518518518517=$%55@8+8:0.018518518518518517=$%118@7+1:0.018518518518518517=$%54@8+8:0.037037037037037035=$%109@6+0:0.018518518518518517=$%154@8+8:0.018518518518518517=$%398@8+8:0.037037037037037035=$%388@7+1:0.037037037037037035=$%56@7+1:0.018518518518518517=$%20@7+1:0.018518518518518517=$%341@7+1:0.018518518518518517=$%
464,4,13,35@7+1:0.037037037037037035=$%0@8+8:0.2222222222222222=$6+0:0.018518518518518517=$7+1:0.05555555555555555=4:0.018518518518518517=$%51@8+8:0.018518518518518517=$%56@7+1:0.05555555555555555=$%7@7+1:0.037037037037037035=3:0.018518518518518517=$%418@7+5:0.018518518518518517=$%155@9+0:0.1111111111111111=$%169@7+4:0.018518518518518517=$%71@0+3:0.037037037037037035=$7+3:0.018518518518518517=$%437@7+1:0.037037037037037035=$%26@8+8:0.018518518518518517=$%55@8+8:0.018518518518518517=$%118@7+1:0.018518518518518517=$%54@8+8:0.037037037037037035=$%140@1+4:0.018518518518518517=$%109@6+0:0.018518518518518517=$%154@8+8:0.018518518518518517=$%398@8+8:0.037037037037037035=$%275@6+0:0.018518518518518517=$%388@7+1:0.018518518518518517=$%20@7+1:0.018518518518518517=$%255@7+1:0.018518518518518517=$%1@1+4:0.018518518518518517=$%
464,4,14,35@7+1:0.05555555555555555=4:0.018518518518518517=$6+0:0.018518518518518517=$%0@8+8:0.24074074074074073=$6+0:0.018518518518518517=$7+1:0.05555555555555555=4:0.018518518518518517=$%51@8+8:0.018518518518518517=$%56@7+1:0.05555555555555555=$%7@7+1:0.037037037037037035=3:0.018518518518518517=$%418@7+5:0.018518518518518517=$%155@9+0:0.05555555555555555=$%169@7+4:0.018518518518518517=$%71@1+4:0.018518518518518517=$7+3:0.018518518518518517=$%26@8+8:0.018518518518518517=$%55@8+8:0.018518518518518517=$%118@7+1:0.018518518518518517=$%54@8+8:0.037037037037037035=$%437@6+0:0.018518518518518517=$7+1:0.018518518518518517=$5+2:0.018518518518518517=$%109@6+0:0.018518518518518517=$%154@8+8:0.018518518518518517=$%20@1+4:0.018518518518518517=$7+1:0.018518518518518517=$%398@8+8:0.037037037037037035=$%388@7+1:0.018518518518518517=$%255@7+1:0.018518518518518517=$%16@6+0:0.018518518518518517=$%
464,4,15,35@7+1:0.05555555555555555=4:0.018518518518518517=$6+0:0.018518518518518517=$%0@8+8:0.18518518518518517=$6+0:0.018518518518518517=$7+1:0.05555555555555555=4:0.018518518518518517=$%51@8+8:0.018518518518518517=$%56@7+1:0.037037037037037035=$%7@7+1:0.018518518518518517=3:0.018518518518518517=$6+0:0.018518518518518517=$%418@7+5:0.018518518518518517=$%155@9+0:0.2222222222222222=$%71@1+4:0.018518518518518517=$7+3:0.018518518518518517=$%55@8+8:0.018518518518518517=$%179@2+6:0.018518518518518517=$%54@8+8:0.018518518518518517=$%437@6+0:0.018518518518518517=$7+1:0.018518518518518517=$%109@6+0:0.018518518518518517=$%154@8+8:0.018518518518518517=$%20@1+4:0.018518518518518517=$7+1:0.018518518518518517=$%398@8+8:0.037037037037037035=$%388@7+1:0.018518518518518517=$%255@7+1:0.018518518518518517=$%
464,4,16,155@9+0:0.42592592592592593=$%0@8+8:0.1111111111111111=$6+0:0.018518518518518517=$7+1:0.05555555555555555=4:0.018518518518518517=$%56@7+1:0.037037037037037035=$%418@7+5:0.018518518518518517=$%35@7+1:0.018518518518518517=$6+0:0.018518518518518517=$%7@5+2:0.018518518518518517=$7+3:0.018518518518518517=$%55@8+8:0.018518518518518517=$%179@2+6:0.018518518518518517=$%1@4+6:0.018518518518518517=$%109@6+0:0.018518518518518517=$%154@8+8:0.018518518518518517=$%20@1+4:0.018518518518518517=$7+1:0.018518518518518517=$%71@7+3:0.018518518518518517=$%398@8+8:0.037037037037037035=$%437@7+1:0.018518518518518517=$%388@7+1:0.018518518518518517=$%255@7+1:0.018518518518518517=$%
464,4,17,155@9+0:0.5555555555555556=$%56@7+1:0.018518518518518517=$%418@7+5:0.018518518518518517=$%169@1+4:0.018518518518518517=$%0@6+0:0.018518518518518517=$8+8:0.037037037037037035=$7+1:0.037037037037037035=4:0.018518518518518517=$2+6:0.018518518518518517=$%35@7+1:0.018518518518518517=$6+0:0.018518518518518517=$%7@6+0:0.018518518518518517=$7+3:0.018518518518518517=$%437@7+1:0.037037037037037035=$%179@2+6:0.018518518518518517=$%1@4+6:0.018518518518518517=$%154@8+8:0.018518518518518517=$%462@4+6:0.018518518518518517=$%388@7+1:0.018518518518518517=$%20@7+1:0.018518518518518517=$4+6:0.018518518518518517=$%255@7+1:0.018518518518518517=$%
464,4,18,155@9+0:0.6296296296296297=$%54@5+2:0.018518518518518517=$%35@5+2:0.018518518518518517=$6+0:0.018518518518518517=$%0@6+0:0.018518518518518517=$2+6:0.037037037037037035=$7+1:0.018518518518518517=$%437@7+1:0.037037037037037035=$%71@0+3:0.018518518518518517=$2+6:0.018518518518518517=$%65@1+4:0.018518518518518517=$%1@4+6:0.018518518518518517=$1+4:0.018518518518518517=$%20@6+0:0.018518518518518517=$7+1:0.018518518518518517=$4+6:0.018518518518518517=$%388@7+1:0.037037037037037035=$%462@4+6:0.018518518518518517=$%
464,4,19,155@9+0:0.7777777777777778=$%20@6+0:0.037037037037037035=$7+1:0.018518518518518517=$4+6:0.018518518518518517=$%0@2+6:0.018518518518518517=$5+9:0.018518518518518517=$%71@2+6:0.037037037037037035=$0+3:0.018518518518518517=$%35@6+0:0.018518518518518517=$%462@4+6:0.018518518518518517=$%388@7+1:0.018518518518518517=$%
464,4,20,155@9+0:0.8703703703703703=$%253@6+0:0.018518518518518517=$%71@2+6:0.037037037037037035=$0+3:0.018518518518518517=$%35@6+0:0.018518518518518517=$%20@6+0:0.018518518518518517=$%0@5+9:0.018518518518518517=$%
464,4,21,155@9+0:0.8703703703703703=$%253@6+0:0.018518518518518517=$%71@2+6:0.037037037037037035=$0+3:0.018518518518518517=$%35@6+0:0.018518518518518517=$%20@6+0:0.018518518518518517=$%0@5+9:0.018518518518518517=$%
464,4,22,155@9+0:0.8888888888888888=$%253@6+0:0.018518518518518517=$%71@2+6:0.037037037037037035=$0+3:0.018518518518518517=$%20@6+0:0.018518518518518517=$%0@5+9:0.018518518518518517=$%
464,4,23,155@9+0:1.0=$%
464,5,0,155@9+0:1.0=$%
464,5,1,155@9+0:1.0=$%
464,5,2,155@9+0:1.0=$%
464,5,3,155@9+0:1.0=$%
464,5,4,155@9+0:1.0=$%
464,5,5,155@9+0:1.0=$%
464,5,6,155@9+0:1.0=$%
464,5,7,155@9+0:0.7962962962962963=$%277@2+6:0.018518518518518517=$%0@1+4:0.018518518518518517=$2+6:0.018518518518518517=$%1@1+4:0.018518518518518517=$%250@1+4:0.018518518518518517=$%35@5+2:0.018518518518518517=$1+4:0.018518518518518517=$0+3:0.018518518518518517=$%110@6+0:0.018518518518518517=$%15@6+0:0.018518518518518517=$%7@0+3:0.018518518518518517=$%
464,5,8,428@3+14:0.018518518518518517=$%169@6+0:0.018518518518518517=$%0@4+6:0.018518518518518517=$5+2:0.018518518518518517=$1+4:0.018518518518518517=$%155@9+0:0.6666666666666666=$%71@1+4:0.037037037037037035=$2+6:0.05555555555555555=$0+3:0.018518518518518517=$%35@4+6:0.018518518518518517=$%56@6+0:0.018518518518518517=$%542@6+0:0.018518518518518517=$%250@6+0:0.018518518518518517=$%7@4+6:0.018518518518518517=$%519@2+6:0.018518518518518517=$%344@6+0:0.018518518518518517=$%
464,5,9,155@9+0:0.6481481481481481=$%55@1+4:0.018518518518518517=$%0@4+6:0.037037037037037035=$3+14:0.037037037037037035=$0+3:0.018518518518518517=$%71@0+3:0.037037037037037035=$%56@6+0:0.018518518518518517=$%277@6+0:0.018518518518518517=$%7@3+14:0.018518518518518517=$%1@1+4:0.018518518518518517=$%53@1+4:0.018518518518518517=$0+3:0.018518518518518517=$%20@1+4:0.018518518518518517=$5+2:0.018518518518518517=$%437@1+4:0.018518518518518517=$%19@1+4:0.018518518518518517=$%583@4+6:0.018518518518518517=$%
464,5,10,7@1+4:0.018518518518518517=$6+0:0.018518518518518517=$%155@9+0:0.5370370370370371=$%169@6+0:0.018518518518518517=$%0@3+14:0.018518518518518517=$5+2:0.018518518518518517=$2+6:0.018518518518518517=$6+0:0.05555555555555555=$1+4:0.05555555555555555=$4+6:0.018518518518518517=$%519@6+0:0.018518518518518517=$%71@1+4:0.018518518518518517=$2+6:0.018518518518518517=$0+3:0.018518518518518517=$%55@1+4:0.018518518518518517=$3+14:0.018518518518518517=$%29@1+4:0.018518518518518517=$%103@6+0:0.018518518518518517=$%23@3+14:0.05555555555555555=$%1@1+4:0.018518518518518517=$%
464,5,11,155@9+0:0.7407407407407407=$%53@6+0:0.018518518518518517=$%0@4+6:0.037037037037037035=$2+6:0.018518518518518517=$5+2:0.018518518518518517=$%54@5+2:0.018518518518518517=$%35@3+14:0.018518518518518517=$2+6:0.018518518518518517=$%472@2+6:0.018518518518518517=$%23@3+14:0.018518518518518517=$%140@6+0:0.018518518518518517=$%71@0+3:0.037037037037037035=$%154@3+14:0.018518518518518517=$%
464,5,12,71@2+6:0.037037037037037035=$0+3:0.05555555555555555=$%155@9+0:0.7037037037037037=$%23@3+14:0.018518518518518517=$%169@2+11:0.018518518518518517=$%140@3+14:0.018518518518518517=$%0@3+14:0.037037037037037035=$6+0:0.018518518518518517=$%35@6+0:0.018518518518518517=$3+14:0.018518518518518517=$%367@5+2:0.018518518518518517=$%20@3+14:0.018518518518518517=$%26@1+4:0.018518518518518517=$%
464,5,13,155@9+0:0.8518518518518519=$%54@6+0:0.018518518518518517=$%169@2+6:0.018518518518518517=$%0@3+14:0.018518518518518517=$0+3:0.018518518518518517=$%35@5+2:0.018518518518518517=$%7@6+0:0.018518518518518517=$%71@2+6:0.018518518518518517=$%26@0+3:0.018518518518518517=$%
464,5,14,155@9+0:0.9074074074074074=$%472@6+0:0.018518518518518517=$%7@1+4:0.018518518518518517=$%0@3+14:0.018518518518518517=$5+2:0.018518518518518517=$%71@4+6:0.018518518518518517=$%
464,5,15,155@9+0:0.9259259259259259=$%55@5+2:0.018518518518518517=$%344@6+0:0.018518518518518517=$%169@6+0:0.018518518518518517=$%154@3+14:0.018518518518518517=$%
464,5,16,155@9+0:0.9814814814814815=$%23@3+14:0.018518518518518517=$%
464,5,17,155@9+0:1.0=$%
464,5,18,155@9+0:1.0=$%
464,5,19,155@9+0:1.0=$%
464,5,20,155@9+0:1.0=$%
464,5,21,155@9+0:1.0=$%
464,5,22,155@9+0:1.0=$%
464,5,23,155@9+0:1.0=$%
464,6,0,155@9+0:1.0=$%
464,6,1,155@9+0:1.0=$%
464,6,2,155@9+0:1.0=$%
464,6,3,155@9+0:1.0=$%
464,6,4,155@9+0:1.0=$%
464,6,5,155@9+0:1.0=$%
464,6,6,155@9+0:1.0=$%
464,6,7,155@9+0:0.6666666666666666=$%1@1+4:0.037037037037037035=$%437@6+0:0.018518518518518517=$%9@6+0:0.018518518518518517=$%169@2+6:0.018518518518518517=$6+0:0.037037037037037035=$%362@6+0:0.018518518518518517=$%71@0+3:0.037037037037037035=$%0@6+0:0.018518518518518517=$2+6:0.018518518518518517=$3+14:0.018518518518518517=$4+6:0.018518518518518517=$%140@3+14:0.018518518518518517=$%7@1+4:0.018518518518518517=$4+6:0.018518518518518517=$%250@1+4:0.018518518518518517=$%
464,6,8,155@9+0:0.8148148148148148=$%29@5+2:0.018518518518518517=$%10@6+0:0.018518518518518517=$%23@3+14:0.018518518518518517=$%0@4+6:0.018518518518518517=$1+4:0.018518518518518517=$5+2:0.018518518518518517=$6+0:0.018518518518518517=$%71@0+3:0.018518518518518517=$%96@6+0:0.018518518518518517=$%53@4+6:0.018518518518518517=$%
464,6,9,155@9+0:0.48148148148148145=$%0@2+6:0.037037037037037035=$5+2:0.018518518518518517=$%1@1+4:0.018518518518518517=$4+6:0.018518518518518517=$%35@1+4:0.018518518518518517=$5+9:0.018518518518518517=$%71@0+3:0.05555555555555555=$4+6:0.018518518518518517=$2+6:0.018518518518518517=$6+0:0.018518518518518517=$%53@4+6:0.018518518518518517=$1+4:0.018518518518518517=$%23@3+14:0.07407407407407407=$%59@1+4:0.018518518518518517=$%7@3+14:0.037037037037037035=$%140@1+4:0.018518518518518517=$%371@6+0:0.018518518518518517=$%147@3+14:0.018518518518518517=$%437@5+2:0.018518518518518517=$%189@3+14:0.018518518518518517=$%154@3+14:0.018518518518518517=$%
464,6,10,20@6+0:0.018518518518518517=$%35@5+2:0.037037037037037035=$%71@4+6:0.018518518518518517=$1+4:0.037037037037037035=$%155@9+0:0.6481481481481481=$%4@2+6:0.018518518518518517=$%0@5+2:0.018518518518518517=$2+6:0.037037037037037035=$0+3:0.018518518518518517=$1+4:0.05555555555555555=$6+0:0.018518518518518517=$%154@6+0:0.018518518518518517=$%594@6+0:0.018518518518518517=$%7@1+4:0.018518518518518517=$%55@1+4:0.018518518518518517=$%
464,6,11,155@9+0:0.5925925925925926=$%20@6+0:0.018518518518518517=$3+14:0.018518518518518517=$%9@2+6:0.018518518518518517=$%71@0+3:0.018518518518518517=$1+4:0.037037037037037035=$6+0:0.018518518518518517=$2+6:0.018518518518518517=$%0@4+6:0.05555555555555555=$2+6:0.037037037037037035=$6+0:0.018518518518518517=$1+4:0.018518518518518517=$5+2:0.018518518518518517=$%1@1+4:0.018518518518518517=$%154@3+14:0.018518518518518517=$%418@6+0:0.018518518518518517=$%23@3+14:0.018518518518518517=$%519@2+6:0.018518518518518517=$%141@6+0:0.018518518518518517=$%
464,6,12,155@9+0:0.7962962962962963=$%35@4+6:0.018518518518518517=$%0@4+6:0.018518518518518517=$%53@4+6:0.018518518518518517=$6+0:0.018518518518518517=$%7@5+2:0.018518518518518517=$6+0:0.018518518518518517=$%71@4+6:0.018518518518518517=$2+6:0.018518518518518517=$1+4:0.018518518518518517=$%5@2+6:0.018518518518518517=$%23@3+14:0.018518518518518517=$%
464,6,13,155@9+0:0.7407407407407407=$%189@3+14:0.018518518518518517=$%7@0+3:0.018518518518518517=$1+4:0.018518518518518517=$%71@0+3:0.037037037037037035=$1+4:0.018518518518518517=$%23@3+14:0.037037037037037035=$%0@4+6:0.018518518518518517=$1+4:0.018518518518518517=$%35@1+4:0.018518518518518517=$5+2:0.018518518518518517=$%165@1+4:0.018518518518518517=$%56@1+4:0.018518518518518517=$%
464,6,14,155@9+0:0.8888888888888888=$%15@1+4:0.018518518518518517=$%55@2+6:0.018518518518518517=$%162@2+6:0.018518518518518517=$%0@1+4:0.018518518518518517=$%140@6+0:0.018518518518518517=$%1@1+4:0.018518518518518517=$%
464,6,15,155@9+0:0.9814814814814815=$%0@6+0:0.018518518518518517=$%
464,6,16,155@9+0:0.9629629629629629=$%20@1+4:0.018518518518518517=$%0@1+4:0.018518518518518517=$%
464,6,17,155@9+0:1.0=$%
464,6,18,155@9+0:1.0=$%
464,6,19,155@9+0:1.0=$%
464,6,20,155@9+0:1.0=$%
464,6,21,155@9+0:1.0=$%
464,6,22,155@9+0:1.0=$%
464,6,23,155@9+0:1.0=$%
465,0,0,155@9+0:0.9642857142857143=$%15@2+6:0.03571428571428571=$%
465,0,1,155@9+0:0.9642857142857143=$%15@2+6:0.03571428571428571=$%
465,0,2,155@9+0:0.9642857142857143=$%15@2+6:0.03571428571428571=$%
465,0,3,155@9+0:0.9642857142857143=$%15@2+6:0.03571428571428571=$%
465,0,4,155@9+0:0.9642857142857143=$%15@2+6:0.03571428571428571=$%
465,0,5,388@7+1:0.03571428571428571=$%155@9+0:0.9285714285714286=$%15@2+6:0.03571428571428571=$%
465,0,6,388@7+1:0.03571428571428571=$%155@9+0:0.9285714285714286=$%15@2+6:0.03571428571428571=$%
465,0,7,388@7+1:0.03571428571428571=$%155@9+0:0.9285714285714286=$%15@2+6:0.03571428571428571=$%
465,0,8,388@7+1:0.03571428571428571=$%155@9+0:0.7857142857142857=$%0@5+2:0.03571428571428571=$%179@6+0:0.03571428571428571=$%15@2+6:0.03571428571428571=$%132@7+1:0.03571428571428571=$%4@7+1:0.03571428571428571=$%
465,0,9,388@7+1:0.03571428571428571=$%155@9+0:0.6428571428571429=$%0@0+3:0.03571428571428571=$5+2:0.07142857142857142=$1+4:0.07142857142857142=$%179@6+0:0.03571428571428571=$%15@2+6:0.03571428571428571=$%132@7+1:0.03571428571428571=$%4@7+1:0.03571428571428571=$%
465,0,10,388@7+1:0.03571428571428571=$%155@9+0:0.5=$%428@2+6:0.03571428571428571=$%0@0+3:0.03571428571428571=$5+2:0.07142857142857142=$1+4:0.10714285714285714=$6+0:0.03571428571428571=$%179@6+0:0.03571428571428571=$%15@2+6:0.03571428571428571=$%71@1+4:0.03571428571428571=$%132@7+1:0.03571428571428571=$%4@7+1:0.03571428571428571=$%
465,0,11,7@1+4:0.07142857142857142=$%155@9+0:0.6071428571428571=$%428@2+6:0.03571428571428571=$%0@0+3:0.03571428571428571=$5+2:0.03571428571428571=$1+4:0.03571428571428571=$%179@6+0:0.03571428571428571=$%15@2+6:0.03571428571428571=$%140@1+4:0.03571428571428571=$%132@7+1:0.03571428571428571=$%4@7+1:0.03571428571428571=$%
465,0,12,7@1+4:0.03571428571428571=$%155@9+0:0.7142857142857143=$%0@0+3:0.03571428571428571=$5+2:0.03571428571428571=$1+4:0.03571428571428571=$%179@6+0:0.03571428571428571=$%34@6+0:0.03571428571428571=$%15@2+6:0.03571428571428571=$%132@7+1:0.03571428571428571=$%
465,0,13,7@1+4:0.03571428571428571=$%155@9+0:0.6785714285714286=$%0@0+3:0.03571428571428571=$5+2:0.03571428571428571=$1+4:0.03571428571428571=$%71@2+6:0.03571428571428571=$%154@6+0:0.03571428571428571=$%179@6+0:0.03571428571428571=$%15@2+6:0.03571428571428571=$%132@7+1:0.03571428571428571=$%
465,0,14,388@7+1:0.03571428571428571=$%155@9+0:0.39285714285714285=$%0@0+3:0.03571428571428571=$1+4:0.03571428571428571=$2+6:0.03571428571428571=$5+2:0.10714285714285714=$%71@2+6:0.03571428571428571=$1+4:0.03571428571428571=$%154@6+0:0.03571428571428571=$%179@6+0:0.03571428571428571=$%277@2+6:0.03571428571428571=$%55@2+6:0.03571428571428571=$%15@2+6:0.03571428571428571=$%189@1+4:0.03571428571428571=$%132@7+1:0.03571428571428571=$%121@6+0:0.03571428571428571=$%
465,0,15,155@9+0:0.4642857142857143=$%71@2+6:0.03571428571428571=$1+4:0.03571428571428571=$%154@6+0:0.03571428571428571=$%179@6+0:0.03571428571428571=$%277@2+6:0.03571428571428571=$%250@1+4:0.03571428571428571=$%55@2+6:0.03571428571428571=$%35@5+2:0.03571428571428571=$%0@2+6:0.03571428571428571=$5+2:0.07142857142857142=$%189@1+4:0.03571428571428571=$%132@7+1:0.03571428571428571=$%140@5+2:0.03571428571428571=$%121@6+0:0.03571428571428571=$%
465,0,16,155@9+0:0.5714285714285714=$%0@1+4:0.03571428571428571=$2+6:0.03571428571428571=$%437@5+2:0.03571428571428571=$%154@6+0:0.03571428571428571=$%179@6+0:0.03571428571428571=$%277@2+6:0.03571428571428571=$%250@1+4:0.03571428571428571=$%55@2+6:0.03571428571428571=$%71@1+4:0.03571428571428571=$%35@5+2:0.03571428571428571=$%132@7+1:0.03571428571428571=$%140@5+2:0.03571428571428571=$%
465,0,17,155@9+0:0.6071428571428571=$%0@1+4:0.03571428571428571=$2+6:0.03571428571428571=$%437@5+2:0.03571428571428571=$%154@6+0:0.03571428571428571=$%179@6+0:0.03571428571428571=$%277@2+6:0.03571428571428571=$%55@2+6:0.03571428571428571=$%53@6+0:0.03571428571428571=$%51@1+4:0.03571428571428571=$%132@7+1:0.03571428571428571=$%140@5+2:0.03571428571428571=$%
465,0,18,155@9+0:0.8214285714285714=$%437@5+2:0.03571428571428571=$%154@6+0:0.03571428571428571=$%51@1+4:0.03571428571428571=$%12@2+6:0.03571428571428571=$%140@5+2:0.03571428571428571=$%
465,0,19,155@9+0:0.8571428571428571=$%12@2+6:0.03571428571428571=$%140@5+2:0.03571428571428571=$%169@2+11:0.03571428571428571=$%71@1+4:0.03571428571428571=$%
465,0,20,155@9+0:0.9285714285714286=$%169@2+6:0.03571428571428571=11:0.03571428571428571=$%
465,0,21,155@9+0:0.9285714285714286=$%169@2+6:0.03571428571428571=11:0.03571428571428571=$%
465,0,22,155@9+0:0.9642857142857143=$%169@2+11:0.03571428571428571=$%
465,0,23,155@9+0:1.0=$%
465,1,0,155@9+0:1.0=$%
465,1,1,155@9+0:1.0=$%
465,1,2,155@9+0:1.0=$%
465,1,3,155@9+0:1.0=$%
465,1,4,155@9+0:1.0=$%
465,1,5,155@9+0:1.0=$%
465,1,6,155@9+0:1.0=$%
465,1,7,0@1+4:0.03571428571428571=$%155@9+0:0.9642857142857143=$%
465,1,8,155@9+0:0.8928571428571429=$%591@6+0:0.03571428571428571=$%0@7+4:0.03571428571428571=$%132@7+1:0.03571428571428571=$%
465,1,9,155@9+0:0.7857142857142857=$%71@1+4:0.03571428571428571=$%0@5+2:0.03571428571428571=$7+4:0.03571428571428571=$%35@1+4:0.03571428571428571=$%591@6+0:0.03571428571428571=$%132@7+1:0.03571428571428571=$%
465,1,10,155@9+0:0.6428571428571429=$%0@1+4:0.03571428571428571=$5+2:0.03571428571428571=$7+4:0.03571428571428571=$%20@5+2:0.03571428571428571=$%7@1+4:0.03571428571428571=$%140@1+4:0.03571428571428571=$%71@1+4:0.03571428571428571=$%591@6+0:0.03571428571428571=$%132@7+1:0.03571428571428571=$%1@2+6:0.03571428571428571=$%
465,1,11,155@9+0:0.8214285714285714=$%0@5+9:0.03571428571428571=$%591@6+0:0.03571428571428571=$%7@1+4:0.03571428571428571=$%54@1+4:0.03571428571428571=$%519@2+6:0.03571428571428571=$%
465,1,12,155@9+0:0.8928571428571429=$%71@1+4:0.03571428571428571=$%591@6+0:0.03571428571428571=$%519@2+6:0.03571428571428571=$%
465,1,13,155@9+0:0.8571428571428571=$%591@6+0:0.03571428571428571=$%132@7+1:0.03571428571428571=$%26@1+4:0.03571428571428571=$%519@2+6:0.03571428571428571=$%
465,1,14,155@9+0:0.6785714285714286=$%140@6+0:0.03571428571428571=$2+6:0.03571428571428571=$%71@7+3:0.03571428571428571=$%189@2+6:0.03571428571428571=$%591@6+0:0.03571428571428571=$%0@1+4:0.03571428571428571=$%132@7+1:0.03571428571428571=$%12@6+0:0.03571428571428571=$%519@2+6:0.03571428571428571=$%
465,1,15,155@9+0:0.5714285714285714=$%55@6+0:0.03571428571428571=$%0@5+2:0.03571428571428571=$1+4:0.03571428571428571=$%35@1+4:0.03571428571428571=$%140@6+0:0.03571428571428571=$2+6:0.03571428571428571=$%71@7+3:0.03571428571428571=$%189@2+6:0.03571428571428571=$%591@6+0:0.03571428571428571=$%132@7+1:0.03571428571428571=$%12@6+0:0.03571428571428571=$%519@2+6:0.03571428571428571=$%
465,1,16,155@9+0:0.6071428571428571=$%55@6+0:0.03571428571428571=$%0@5+2:0.07142857142857142=$1+4:0.03571428571428571=$%35@1+4:0.03571428571428571=$%140@6+0:0.03571428571428571=$2+6:0.03571428571428571=$%71@7+3:0.03571428571428571=$%591@6+0:0.03571428571428571=$%169@1+4:0.03571428571428571=$%13@1+4:0.03571428571428571=$%
465,1,17,155@9+0:0.7857142857142857=$%35@5+2:0.03571428571428571=$%0@5+2:0.03571428571428571=$1+4:0.03571428571428571=$%591@6+0:0.03571428571428571=$%71@1+4:0.03571428571428571=$%54@5+2:0.03571428571428571=$%
465,1,18,155@9+0:0.8571428571428571=$%1@1+4:0.03571428571428571=$%591@6+0:0.03571428571428571=$%172@6+0:0.03571428571428571=$%71@1+4:0.03571428571428571=$%
465,1,19,155@9+0:0.9285714285714286=$%591@6+0:0.03571428571428571=$%0@0+3:0.03571428571428571=$%
465,1,20,155@9+0:0.9285714285714286=$%0@0+3:0.03571428571428571=$6+0:0.03571428571428571=$%
465,1,21,155@9+0:0.9285714285714286=$%0@0+3:0.03571428571428571=$6+0:0.03571428571428571=$%
465,1,22,155@9+0:0.9642857142857143=$%0@6+0:0.03571428571428571=$%
465,1,23,155@9+0:1.0=$%
465,2,0,155@9+0:0.9642857142857143=$%19@5+9:0.03571428571428571=$%
465,2,1,155@9+0:0.9642857142857143=$%19@5+9:0.03571428571428571=$%
465,2,2,155@9+0:0.9642857142857143=$%19@5+9:0.03571428571428571=$%
465,2,3,155@9+0:0.9642857142857143=$%19@5+9:0.03571428571428571=$%
465,2,4,155@9+0:0.9642857142857143=$%19@5+9:0.03571428571428571=$%
465,2,5,155@9+0:0.9642857142857143=$%19@5+9:0.03571428571428571=$%
465,2,6,155@9+0:0.9642857142857143=$%19@5+9:0.03571428571428571=$%
465,2,7,155@9+0:0.9285714285714286=$%169@6+0:0.03571428571428571=$%19@5+9:0.03571428571428571=$%
465,2,8,155@9+0:0.7857142857142857=$%71@1+4:0.03571428571428571=$%0@5+2:0.07142857142857142=$%1@1+4:0.03571428571428571=$%169@6+0:0.03571428571428571=$%19@5+9:0.03571428571428571=$%
465,2,9,71@1+4:0.03571428571428571=$%179@2+6:0.03571428571428571=$%155@9+0:0.7142857142857143=$%7@1+4:0.03571428571428571=$%53@5+2:0.03571428571428571=$%0@1+4:0.03571428571428571=$%169@6+0:0.03571428571428571=$%19@5+9:0.03571428571428571=$%4@7+1:0.03571428571428571=$%
465,2,10,155@9+0:0.5357142857142857=$%179@2+6:0.03571428571428571=$%59@1+4:0.03571428571428571=$%79@2+6:0.03571428571428571=$%35@1+4:0.10714285714285714=$%437@5+2:0.03571428571428571=$%169@6+0:0.03571428571428571=$%19@5+9:0.03571428571428571=$%71@0+3:0.03571428571428571=$1+4:0.03571428571428571=$%53@2+6:0.03571428571428571=$%4@7+1:0.03571428571428571=$%
465,2,11,155@9+0:0.6785714285714286=$%179@2+6:0.03571428571428571=$%0@1+4:0.03571428571428571=$%79@2+6:0.03571428571428571=$%169@6+0:0.07142857142857142=$%19@5+9:0.03571428571428571=$%71@1+4:0.03571428571428571=$%7@1+4:0.03571428571428571=$%4@7+1:0.03571428571428571=$%
465,2,12,155@9+0:0.8928571428571429=$%179@2+6:0.03571428571428571=$%71@0+3:0.03571428571428571=$%4@7+1:0.03571428571428571=$%
465,2,13,155@9+0:0.7857142857142857=$%59@1+4:0.03571428571428571=$%118@6+0:0.03571428571428571=$%0@1+4:0.03571428571428571=$5+2:0.03571428571428571=$6+0:0.03571428571428571=$%4@7+1:0.03571428571428571=$%
465,2,14,155@9+0:0.6785714285714286=$%118@6+0:0.03571428571428571=$%7@5+2:0.03571428571428571=$%20@1+4:0.03571428571428571=$%0@5+2:0.07142857142857142=$6+0:0.03571428571428571=$%4@6+0:0.03571428571428571=$7+1:0.03571428571428571=$%71@1+4:0.03571428571428571=$%
465,2,15,155@9+0:0.7142857142857143=$%172@5+2:0.03571428571428571=$%118@6+0:0.03571428571428571=$%0@5+2:0.03571428571428571=$6+0:0.03571428571428571=$%54@5+2:0.03571428571428571=$%96@6+0:0.03571428571428571=$%4@6+0:0.03571428571428571=$7+1:0.03571428571428571=$%
465,2,16,155@9+0:0.75=$%0@0+3:0.03571428571428571=$5+2:0.03571428571428571=$6+0:0.03571428571428571=$1+4:0.03571428571428571=$%172@5+2:0.03571428571428571=$%96@6+0:0.03571428571428571=$%4@6+0:0.03571428571428571=$%
465,2,17,155@9+0:0.8571428571428571=$%0@5+2:0.03571428571428571=$1+4:0.03571428571428571=$%71@1+4:0.03571428571428571=$%140@1+4:0.03571428571428571=$%
465,2,18,155@9+0:0.9642857142857143=$%0@5+2:0.03571428571428571=$%
465,2,19,155@9+0:0.9642857142857143=$%0@5+2:0.03571428571428571=$%
465,2,20,155@9+0:1.0=$%
465,2,21,155@9+0:1.0=$%
465,2,22,155@9+0:1.0=$%
465,2,23,155@9+0:1.0=$%
465,3,0,155@9+0:1.0=$%
465,3,1,155@9+0:1.0=$%
465,3,2,155@9+0:1.0=$%
465,3,3,155@9+0:1.0=$%
465,3,4,155@9+0:1.0=$%
465,3,5,155@9+0:1.0=$%
465,3,6,155@9+0:1.0=$%
465,3,7,155@9+0:0.8928571428571429=$%35@5+2:0.03571428571428571=$%0@7+4:0.03571428571428571=$%250@7+1:0.03571428571428571=$%
465,3,8,388@7+1:0.03571428571428571=$%155@9+0:0.7857142857142857=$%0@1+4:0.03571428571428571=$7+4:0.03571428571428571=$%7@1+4:0.03571428571428571=$%35@5+2:0.03571428571428571=$%250@7+1:0.03571428571428571=$%
465,3,9,388@7+1:0.03571428571428571=$%155@9+0:0.5=$%167@7+1:0.03571428571428571=$%0@2+6:0.03571428571428571=$1+4:0.07142857142857142=$7+4:0.03571428571428571=1:0.03571428571428571=$6+0:0.03571428571428571=$%4@7+1:0.07142857142857142=$%54@5+2:0.03571428571428571=$%71@0+3:0.03571428571428571=$%250@7+1:0.03571428571428571=$%7@1+4:0.03571428571428571=$%
465,3,10,388@7+1:0.03571428571428571=$%155@9+0:0.35714285714285715=$%7@7+1:0.03571428571428571=$%167@7+1:0.03571428571428571=$%0@2+6:0.03571428571428571=$1+4:0.03571428571428571=$5+2:0.07142857142857142=$7+4:0.03571428571428571=1:0.03571428571428571=$6+0:0.03571428571428571=$%29@1+4:0.03571428571428571=$%4@7+1:0.07142857142857142=$%1@2+6:0.03571428571428571=$%35@5+2:0.07142857142857142=$%344@6+0:0.03571428571428571=$%250@7+1:0.03571428571428571=$%
465,3,11,388@7+1:0.03571428571428571=$%35@2+6:0.03571428571428571=$%0@5+2:0.07142857142857142=$1+4:0.03571428571428571=$7+4:0.03571428571428571=$%7@7+1:0.03571428571428571=$6+0:0.03571428571428571=$%167@7+1:0.03571428571428571=$%155@9+0:0.4642857142857143=$%4@7+1:0.03571428571428571=$%55@1+4:0.03571428571428571=$%71@0+3:0.03571428571428571=$%140@6+0:0.03571428571428571=$%250@7+1:0.03571428571428571=$%53@1+4:0.03571428571428571=$%
465,3,12,388@7+1:0.03571428571428571=$%0@1+4:0.03571428571428571=$5+2:0.03571428571428571=$7+4:0.03571428571428571=$%7@7+1:0.03571428571428571=$6+0:0.03571428571428571=$%155@9+0:0.6428571428571429=$%437@1+4:0.03571428571428571=$%71@0+3:0.03571428571428571=$%140@6+0:0.03571428571428571=$%250@7+1:0.03571428571428571=$%
465,3,13,388@7+1:0.03571428571428571=$%155@9+0:0.6428571428571429=$%7@7+1:0.03571428571428571=$6+0:0.03571428571428571=$%4@7+1:0.03571428571428571=$%0@6+0:0.03571428571428571=$7+4:0.03571428571428571=$%35@1+4:0.03571428571428571=$%71@0+3:0.03571428571428571=$%140@6+0:0.03571428571428571=$%250@7+1:0.03571428571428571=$%
465,3,14,388@7+1:0.03571428571428571=$%155@9+0:0.5357142857142857=$%7@7+1:0.03571428571428571=$6+0:0.03571428571428571=$%167@7+1:0.03571428571428571=$%0@1+4:0.07142857142857142=$6+0:0.03571428571428571=$5+2:0.03571428571428571=$7+4:0.03571428571428571=$%4@7+1:0.03571428571428571=$%53@1+4:0.03571428571428571=$%140@6+0:0.03571428571428571=$%35@2+6:0.03571428571428571=$%
465,3,15,388@7+1:0.03571428571428571=$%155@9+0:0.5357142857142857=$%35@5+2:0.03571428571428571=$2+6:0.03571428571428571=$%7@7+1:0.03571428571428571=$6+0:0.03571428571428571=$%167@7+1:0.03571428571428571=$%0@1+4:0.14285714285714285=$%4@7+1:0.03571428571428571=$%140@6+0:0.03571428571428571=$%428@6+0:0.03571428571428571=$%
465,3,16,155@9+0:0.5=$%35@5+2:0.03571428571428571=$2+6:0.03571428571428571=$%7@7+1:0.03571428571428571=$6+0:0.03571428571428571=$%167@7+1:0.03571428571428571=$%59@6+0:0.03571428571428571=$%4@7+1:0.03571428571428571=$%0@1+4:0.07142857142857142=$%519@2+6:0.03571428571428571=$%53@5+2:0.03571428571428571=$%71@1+4:0.03571428571428571=$%54@6+0:0.03571428571428571=$%428@6+0:0.03571428571428571=$%
465,3,17,35@1+4:0.03571428571428571=$%155@9+0:0.7142857142857143=$%7@7+1:0.03571428571428571=$6+0:0.03571428571428571=$%4@7+1:0.03571428571428571=$%53@5+2:0.03571428571428571=$%71@1+4:0.03571428571428571=$%54@6+0:0.03571428571428571=$%0@2+6:0.03571428571428571=$%
465,3,18,155@9+0:0.75=$%7@7+1:0.03571428571428571=$%4@7+1:0.03571428571428571=$%71@1+4:0.07142857142857142=$%53@5+2:0.03571428571428571=$%54@6+0:0.03571428571428571=$%0@2+6:0.03571428571428571=$%
465,3,19,155@9+0:0.9285714285714286=$%7@7+1:0.03571428571428571=$%71@0+3:0.03571428571428571=$%
465,3,20,155@9+0:0.9285714285714286=$%71@0+3:0.03571428571428571=$%140@2+6:0.03571428571428571=$%
465,3,21,155@9+0:0.9285714285714286=$%71@0+3:0.03571428571428571=$%140@2+6:0.03571428571428571=$%
465,3,22,155@9+0:0.9285714285714286=$%71@0+3:0.03571428571428571=$%140@2+6:0.03571428571428571=$%
465,3,23,155@9+0:1.0=$%
465,4,0,155@9+0:1.0=$%
465,4,1,155@9+0:1.0=$%
465,4,2,155@9+0:1.0=$%
465,4,3,155@9+0:1.0=$%
465,4,4,155@9+0:1.0=$%
465,4,5,155@9+0:1.0=$%
465,4,6,155@9+0:0.9642857142857143=$%250@7+1:0.03571428571428571=$%
465,4,7,155@9+0:0.8571428571428571=$%7@7+1:0.03571428571428571=$0+3:0.03571428571428571=$%71@0+3:0.03571428571428571=$%250@7+1:0.03571428571428571=$%
465,4,8,155@9+0:0.75=$%7@7+1:0.03571428571428571=$0+3:0.03571428571428571=$%428@1+4:0.03571428571428571=$%71@0+3:0.03571428571428571=$%1@1+4:0.03571428571428571=$%0@7+1:0.03571428571428571=$%250@7+1:0.03571428571428571=$%
465,4,9,155@9+0:0.6071428571428571=$%1@1+4:0.07142857142857142=$%7@7+1:0.03571428571428571=$%428@1+4:0.03571428571428571=$%140@5+2:0.03571428571428571=$%253@1+4:0.03571428571428571=$%12@1+4:0.03571428571428571=$%4@6+0:0.03571428571428571=$%0@5+2:0.03571428571428571=$7+1:0.03571428571428571=$%250@7+1:0.03571428571428571=$%
465,4,10,0@1+4:0.10714285714285714=$5+2:0.07142857142857142=$7+1:0.03571428571428571=$%155@9+0:0.4642857142857143=$%7@7+1:0.03571428571428571=$%189@6+0:0.07142857142857142=$%71@1+4:0.03571428571428571=$2+6:0.03571428571428571=$%253@1+4:0.03571428571428571=$%12@1+4:0.03571428571428571=$%1@1+4:0.03571428571428571=$%250@7+1:0.03571428571428571=$%
465,4,11,155@9+0:0.6071428571428571=$%7@7+1:0.03571428571428571=$%189@6+0:0.07142857142857142=$%71@1+4:0.03571428571428571=$2+6:0.03571428571428571=$0+3:0.03571428571428571=$%1@1+4:0.07142857142857142=$%0@1+4:0.07142857142857142=$%250@7+1:0.03571428571428571=$%
465,4,12,155@9+0:0.75=$%7@7+1:0.03571428571428571=$%189@6+0:0.07142857142857142=$%71@0+3:0.03571428571428571=$%0@1+4:0.07142857142857142=$%4@6+0:0.03571428571428571=$%
465,4,13,155@9+0:0.8214285714285714=$%189@6+0:0.07142857142857142=$%71@0+3:0.03571428571428571=$%4@6+0:0.03571428571428571=$%0@1+4:0.03571428571428571=$%
465,4,14,7@1+4:0.03571428571428571=$%155@9+0:0.6428571428571429=$%189@6+0:0.07142857142857142=$%0@1+4:0.07142857142857142=$%398@2+6:0.03571428571428571=$%71@2+6:0.07142857142857142=$%20@1+4:0.03571428571428571=$%4@6+0:0.03571428571428571=$%
465,4,15,7@1+4:0.07142857142857142=$%0@0+3:0.03571428571428571=$1+4:0.03571428571428571=$%155@9+0:0.6071428571428571=$%71@1+4:0.03571428571428571=$2+6:0.07142857142857142=$%398@2+6:0.03571428571428571=$%169@1+4:0.03571428571428571=$%230@1+4:0.03571428571428571=$%250@7+1:0.03571428571428571=$%
465,4,16,0@6+0:0.03571428571428571=$0+3:0.03571428571428571=$1+4:0.03571428571428571=$7+4:0.03571428571428571=$%7@1+4:0.03571428571428571=$%155@9+0:0.7142857142857143=$%398@2+6:0.03571428571428571=$%71@2+6:0.03571428571428571=$%250@7+1:0.03571428571428571=$%
465,4,17,0@6+0:0.03571428571428571=$0+3:0.03571428571428571=$7+4:0.03571428571428571=$%155@9+0:0.8214285714285714=$%344@6+0:0.03571428571428571=$%250@7+1:0.03571428571428571=$%
465,4,18,0@6+0:0.03571428571428571=$7+4:0.03571428571428571=1:0.03571428571428571=$%155@9+0:0.8571428571428571=$%1@2+6:0.03571428571428571=$%
465,4,19,0@6+0:0.03571428571428571=$7+4:0.03571428571428571=1:0.03571428571428571=$%155@9+0:0.8214285714285714=$%35@5+9:0.03571428571428571=$%1@2+6:0.03571428571428571=$%
465,4,20,0@6+0:0.03571428571428571=$7+4:0.03571428571428571=1:0.03571428571428571=$%155@9+0:0.8214285714285714=$%35@5+9:0.03571428571428571=$%1@2+6:0.03571428571428571=$%
465,4,21,0@6+0:0.03571428571428571=$7+4:0.03571428571428571=$%155@9+0:0.8928571428571429=$%35@5+9:0.03571428571428571=$%
465,4,22,155@9+0:0.9285714285714286=$%35@5+9:0.03571428571428571=$%0@7+4:0.03571428571428571=$%
465,4,23,155@9+0:1.0=$%
465,5,0,155@9+0:1.0=$%
465,5,1,155@9+0:1.0=$%
465,5,2,155@9+0:1.0=$%
465,5,3,155@9+0:1.0=$%
465,5,4,155@9+0:1.0=$%
465,5,5,155@9+0:1.0=$%
465,5,6,155@9+0:1.0=$%
465,5,7,155@9+0:0.7857142857142857=$%71@4+6:0.03571428571428571=$%0@1+4:0.07142857142857142=$3+14:0.03571428571428571=$5+2:0.03571428571428571=$%23@3+14:0.03571428571428571=$%
465,5,8,155@9+0:0.6071428571428571=$%0@5+2:0.10714285714285714=$6+0:0.03571428571428571=$4+6:0.03571428571428571=$1+4:0.03571428571428571=$%23@3+14:0.03571428571428571=$%71@0+3:0.03571428571428571=$%97@6+0:0.03571428571428571=$%189@5+2:0.03571428571428571=$%140@1+4:0.03571428571428571=$%
465,5,9,0@3+14:0.03571428571428571=$5+2:0.03571428571428571=$%155@9+0:0.6785714285714286=$%7@1+4:0.03571428571428571=$%4@1+4:0.03571428571428571=$%189@5+2:0.03571428571428571=$%23@3+14:0.07142857142857142=$%35@3+14:0.03571428571428571=$%54@4+10:0.03571428571428571=$%
465,5,10,155@9+0:0.9285714285714286=$%71@1+4:0.03571428571428571=$2+6:0.03571428571428571=$%
465,5,11,155@9+0:1.0=$%
465,5,12,155@9+0:1.0=$%
465,5,13,155@9+0:1.0=$%
465,5,14,155@9+0:1.0=$%
465,5,15,155@9+0:1.0=$%
465,5,16,155@9+0:1.0=$%
465,5,17,155@9+0:1.0=$%
465,5,18,155@9+0:1.0=$%
465,5,19,155@9+0:1.0=$%
465,5,20,155@9+0:1.0=$%
465,5,21,155@9+0:1.0=$%
465,5,22,155@9+0:1.0=$%
465,5,23,155@9+0:1.0=$%
465,6,0,155@9+0:1.0=$%
465,6,1,155@9+0:1.0=$%
465,6,2,155@9+0:1.0=$%
465,6,3,155@9+0:1.0=$%
465,6,4,155@9+0:1.0=$%
465,6,5,155@9+0:1.0=$%
465,6,6,155@9+0:1.0=$%
465,6,7,53@1+4:0.03571428571428571=$%155@9+0:0.6785714285714286=$%7@1+4:0.03571428571428571=$%1@2+6:0.03571428571428571=$5+9:0.03571428571428571=$%140@3+14:0.03571428571428571=$%35@3+14:0.03571428571428571=$%71@2+6:0.03571428571428571=$4+6:0.03571428571428571=$%23@3+14:0.03571428571428571=$%
465,6,8,155@9+0:0.8571428571428571=$%71@2+6:0.03571428571428571=$%35@4+6:0.03571428571428571=$%437@5+2:0.03571428571428571=$%53@1+4:0.03571428571428571=$%
465,6,9,155@9+0:0.7142857142857143=$%437@5+2:0.03571428571428571=$%7@6+0:0.03571428571428571=$%0@5+2:0.03571428571428571=9:0.03571428571428571=$%71@0+3:0.03571428571428571=$%594@6+0:0.03571428571428571=$%250@2+6:0.03571428571428571=$%418@6+0:0.03571428571428571=$%
465,6,10,155@9+0:0.75=$%35@4+6:0.03571428571428571=$%7@1+4:0.03571428571428571=$%55@1+4:0.03571428571428571=$%23@3+14:0.07142857142857142=$%0@5+2:0.07142857142857142=$%
465,6,11,155@9+0:1.0=$%
465,6,12,155@9+0:1.0=$%
465,6,13,155@9+0:1.0=$%
465,6,14,155@9+0:1.0=$%
465,6,15,155@9+0:1.0=$%
465,6,16,155@9+0:1.0=$%
465,6,17,155@9+0:1.0=$%
465,6,18,155@9+0:1.0=$%
465,6,19,155@9+0:1.0=$%
465,6,20,155@9+0:1.0=$%
465,6,21,155@9+0:1.0=$%
465,6,22,155@9+0:1.0=$%
465,6,23,155@9+0:1.0=$%
