ACTIVITIES$$eating$$shopping$$leisure$$outside activity$$sport$$other activity$$visiting friend$$working$$studying$$staying at home$$
BD_TYPES$$home$$leisure and sport$$office$$other_activity$$restaurant$$health related activity$$shop$$sport$$school$$outside_sport$$leisure$$public$$university$$stadium$$kindergarten$$park$$supermarket$$
318,0,0,86@9+0:1.0=$%
318,0,1,86@9+0:1.0=$%
318,0,2,86@9+0:1.0=$%
318,0,3,86@9+0:1.0=$%
318,0,4,86@9+0:0.96875=$%1@7+6:0.03125=$%
318,0,5,86@9+0:0.9375=$%35@7+6:0.03125=$%1@7+6:0.03125=$%
318,0,6,86@9+0:0.90625=$%35@7+6:0.03125=$%462@7+2:0.03125=$%1@7+6:0.03125=$%
318,0,7,86@9+0:0.59375=$%7@7+2:0.03125=$%35@7+6:0.03125=$%462@7+2:0.03125=$%1@7+6:0.03125=2:0.03125=$%0@7+2:0.09375=4:0.03125=$1+6:0.03125=$%154@7+2:0.03125=$%56@7+2:0.03125=$%54@7+6:0.03125=$%
318,0,8,86@9+0:0.5=$%7@7+2:0.03125=$%35@7+6:0.03125=$%56@7+2:0.0625=$%462@7+2:0.03125=$%1@7+6:0.03125=2:0.0625=$%0@7+2:0.125=4:0.03125=$%154@7+2:0.03125=$%54@7+6:0.03125=$%55@7+2:0.03125=$%
318,0,9,86@9+0:0.40625=$%7@7+2:0.03125=$5+3:0.03125=$%47@5+3:0.03125=$%35@7+6:0.03125=$%56@7+2:0.0625=$%4@1+6:0.03125=$%462@7+2:0.03125=$%1@7+6:0.03125=2:0.0625=$%0@7+2:0.125=4:0.03125=$%154@7+2:0.03125=$%54@7+6:0.03125=$%55@7+2:0.03125=$%
318,0,10,86@9+0:0.28125=$%7@7+2:0.03125=$5+3:0.03125=$1+6:0.03125=$%0@1+6:0.0625=$7+2:0.125=4:0.03125=$2+1:0.0625=$%569@7+2:0.03125=$%35@7+6:0.03125=$%56@7+2:0.0625=$%4@1+6:0.03125=$%462@7+2:0.03125=$%154@7+2:0.03125=$%1@7+2:0.0625=$%54@7+6:0.03125=$%55@7+2:0.03125=$%
318,0,11,86@9+0:0.34375=$%7@7+2:0.03125=$5+3:0.03125=$1+6:0.03125=$%0@1+6:0.0625=$0+4:0.03125=$7+2:0.125=4:0.03125=$%35@7+6:0.03125=$%56@7+2:0.0625=$%462@7+2:0.03125=$%154@7+2:0.03125=$%1@7+2:0.0625=$%54@7+6:0.03125=$%55@7+2:0.03125=$%59@6+0:0.03125=$%
318,0,12,86@9+0:0.46875=$%7@7+2:0.03125=$5+3:0.03125=$%0@0+4:0.0625=$7+2:0.09375=4:0.03125=$%35@7+6:0.03125=$%56@7+2:0.0625=$%462@7+2:0.03125=$%154@7+2:0.03125=$%1@7+2:0.0625=$%54@7+6:0.03125=$%55@7+2:0.03125=$%
318,0,13,51@7+2:0.03125=$%7@7+2:0.03125=$5+3:0.03125=$%86@9+0:0.4375=$%103@6+0:0.03125=$%35@7+6:0.03125=$%56@7+2:0.0625=$%462@7+2:0.03125=$%0@7+2:0.09375=4:0.03125=$%154@7+2:0.03125=$%1@7+2:0.0625=$%71@0+4:0.03125=$%54@7+6:0.03125=$%55@7+2:0.03125=$%
318,0,14,51@7+2:0.03125=$%7@7+2:0.03125=$5+3:0.03125=$%86@9+0:0.40625=$%569@7+2:0.03125=$%35@7+6:0.03125=$%56@7+2:0.0625=$%1@7+6:0.03125=2:0.0625=$%0@7+2:0.125=4:0.03125=$%154@7+2:0.03125=$1+6:0.03125=$%54@7+6:0.03125=$%55@7+2:0.03125=$%
318,0,15,51@7+2:0.03125=$%7@7+2:0.03125=$2+1:0.03125=$%86@9+0:0.4375=$%569@7+2:0.03125=$%35@7+6:0.03125=$%56@7+2:0.0625=$%1@7+6:0.03125=2:0.0625=$%154@7+2:0.03125=$%0@7+4:0.03125=2:0.09375=$6+0:0.03125=$%54@7+6:0.03125=$%55@7+2:0.03125=$%
318,0,16,51@7+2:0.03125=$%7@7+2:0.03125=$2+1:0.03125=$%86@9+0:0.40625=$%569@7+2:0.03125=$%35@7+6:0.03125=$%56@7+2:0.0625=$%55@1+6:0.03125=$7+2:0.03125=$%154@7+2:0.03125=$%0@6+0:0.03125=$7+2:0.09375=$1+6:0.03125=$%34@6+0:0.03125=$%54@7+6:0.03125=$%1@7+2:0.03125=$%118@6+0:0.03125=$%
318,0,17,51@7+2:0.03125=$%86@9+0:0.625=$%569@7+2:0.03125=$%35@7+6:0.03125=$%76@5+3:0.03125=$%7@2+1:0.03125=$%0@7+2:0.0625=$1+6:0.03125=$%34@6+0:0.03125=$%54@7+6:0.03125=$%1@7+2:0.03125=$%118@6+0:0.03125=$%
318,0,18,51@7+2:0.03125=$%86@9+0:0.71875=$%0@2+1:0.03125=$7+2:0.03125=$1+6:0.03125=$%1@7+6:0.03125=2:0.03125=$%437@6+0:0.03125=$%471@6+0:0.03125=$%154@6+0:0.03125=$%
318,0,19,51@7+2:0.03125=$%86@9+0:0.8125=$%0@2+1:0.03125=$6+0:0.03125=$%1@7+6:0.03125=2:0.03125=$%154@6+0:0.03125=$%
318,0,20,51@7+2:0.03125=$%86@9+0:0.84375=$%0@2+1:0.03125=$6+0:0.03125=$%1@7+6:0.03125=$%154@6+0:0.03125=$%
318,0,21,86@9+0:0.9375=$%0@6+0:0.03125=$%154@6+0:0.03125=$%
318,0,22,86@9+0:0.96875=$%0@6+0:0.03125=$%
318,0,23,86@9+0:1.0=$%
318,1,0,86@9+0:1.0=$%
318,1,1,86@9+0:1.0=$%
318,1,2,86@9+0:1.0=$%
318,1,3,86@9+0:1.0=$%
318,1,4,86@9+0:1.0=$%
318,1,5,86@9+0:1.0=$%
318,1,6,86@9+0:0.9375=$%56@7+2:0.03125=$%1@7+2:0.03125=$%
318,1,7,86@9+0:0.65625=$%569@7+2:0.03125=$%0@5+5:0.03125=$7+2:0.0625=$%56@7+2:0.0625=$%1@7+6:0.03125=2:0.03125=$%7@7+2:0.03125=$%154@7+2:0.03125=$%4@7+2:0.03125=$%
318,1,8,86@9+0:0.40625=$%169@7+2:0.03125=$%569@7+2:0.03125=$%0@5+5:0.03125=$7+2:0.125=$%56@7+2:0.0625=$%462@7+2:0.03125=$%1@7+6:0.03125=2:0.03125=$%7@7+2:0.03125=$%154@7+2:0.03125=$%189@7+2:0.03125=$%4@7+2:0.03125=$%54@7+6:0.03125=$%55@7+2:0.03125=$%59@7+2:0.03125=$%
318,1,9,86@9+0:0.34375=$%169@7+2:0.03125=$%569@7+2:0.03125=$%0@5+5:0.03125=$7+2:0.125=$%56@7+2:0.0625=$%462@7+2:0.03125=$%1@7+6:0.03125=2:0.03125=$%7@7+2:0.03125=6:0.03125=$%154@7+2:0.03125=$%189@7+2:0.03125=$%4@7+2:0.03125=$%71@0+4:0.03125=$%54@7+6:0.03125=$%55@7+2:0.03125=$%59@7+2:0.03125=$%
318,1,10,86@9+0:0.25=$%367@5+5:0.03125=$%169@7+2:0.03125=$%569@7+2:0.03125=$%0@5+5:0.03125=$7+2:0.125=4:0.03125=$1+6:0.03125=$%56@7+2:0.0625=$%462@7+2:0.03125=$%1@7+6:0.03125=2:0.03125=$%7@7+2:0.03125=6:0.03125=$%154@7+2:0.03125=$%71@1+6:0.03125=$%189@7+2:0.03125=$%4@7+2:0.03125=$%54@7+6:0.03125=$%55@7+2:0.03125=$%59@7+2:0.03125=$%
318,1,11,86@9+0:0.28125=$%189@1+6:0.03125=$7+2:0.03125=$%169@7+2:0.03125=$%569@7+2:0.03125=$%0@5+5:0.03125=$7+2:0.125=4:0.03125=$%56@7+2:0.0625=$%462@7+2:0.03125=$%1@7+6:0.03125=2:0.03125=$%7@7+2:0.03125=6:0.03125=$%154@7+2:0.03125=$%71@1+6:0.03125=$%4@7+2:0.03125=$%54@7+6:0.03125=$%55@7+2:0.03125=$%59@7+2:0.03125=$%
318,1,12,86@9+0:0.375=$%169@7+2:0.03125=$%569@7+2:0.03125=$%0@5+5:0.03125=$7+2:0.09375=$%56@7+2:0.0625=$%462@7+2:0.03125=$%1@7+6:0.03125=2:0.03125=$1+6:0.03125=$%7@7+2:0.03125=6:0.03125=$%154@7+2:0.03125=$%189@7+2:0.03125=$%4@7+2:0.03125=$%54@7+6:0.03125=$%55@7+2:0.03125=$%59@7+2:0.03125=$%
318,1,13,86@9+0:0.375=$%169@7+2:0.03125=$%569@7+2:0.03125=$%0@5+5:0.03125=$7+2:0.125=4:0.03125=$%56@7+2:0.0625=$%462@7+2:0.03125=$%1@7+6:0.03125=2:0.0625=$%7@7+2:0.03125=$%154@7+2:0.03125=$%189@7+2:0.03125=$%4@7+2:0.03125=$%54@7+6:0.03125=$%55@7+2:0.03125=$%
318,1,14,86@9+0:0.15625=$%20@5+3:0.03125=$6+0:0.03125=$%169@7+2:0.03125=$%569@7+2:0.03125=$%0@5+5:0.03125=$7+2:0.15625=4:0.03125=$1+6:0.03125=$%56@7+2:0.0625=$%462@7+2:0.03125=$%1@7+6:0.03125=2:0.0625=$%7@7+2:0.03125=6:0.03125=$%154@7+2:0.03125=$%189@7+2:0.03125=$%4@7+2:0.03125=$%54@7+6:0.03125=$%55@7+2:0.03125=$%23@1+6:0.03125=$%35@5+5:0.03125=$%
318,1,15,86@9+0:0.1875=$%20@5+3:0.03125=$6+0:0.03125=$%169@7+2:0.03125=$%569@7+2:0.03125=$%0@5+5:0.03125=$7+2:0.15625=4:0.03125=$%56@7+2:0.0625=$%462@7+2:0.03125=$%1@7+6:0.03125=2:0.03125=$%7@7+2:0.03125=6:0.03125=$%154@7+2:0.03125=$%287@6+0:0.03125=$%189@7+2:0.03125=$%4@7+2:0.03125=$%54@7+6:0.03125=$%55@7+2:0.03125=$%23@1+6:0.03125=$%437@6+0:0.03125=$%
318,1,16,54@5+3:0.03125=$7+6:0.03125=$%86@9+0:0.28125=$%169@7+2:0.03125=$%569@7+2:0.03125=$%0@5+5:0.03125=$7+2:0.15625=4:0.03125=$1+6:0.03125=$%20@6+0:0.03125=$%56@7+2:0.0625=$%462@7+2:0.03125=$%1@7+6:0.03125=2:0.03125=$%287@6+0:0.03125=$%7@7+6:0.03125=$%4@7+2:0.03125=$%55@7+2:0.03125=$%23@1+6:0.03125=$%
318,1,17,337@5+3:0.03125=$%0@5+5:0.03125=$7+2:0.09375=4:0.03125=$1+6:0.03125=$%169@7+2:0.03125=$%71@2+1:0.03125=$1+6:0.03125=$%86@9+0:0.46875=$%1@7+6:0.03125=$%179@6+0:0.03125=$%56@7+2:0.03125=$%7@7+6:0.03125=$6+0:0.03125=$%4@7+2:0.03125=$%54@7+6:0.03125=$%
318,1,18,86@9+0:0.6875=$%0@5+5:0.03125=$7+2:0.09375=$%1@7+6:0.03125=$%141@6+0:0.03125=$%56@7+2:0.03125=$%7@7+6:0.03125=$%189@7+2:0.03125=$%154@6+0:0.03125=$%
318,1,19,86@9+0:0.78125=$%0@5+5:0.03125=$7+2:0.03125=$%440@5+3:0.03125=$%56@7+2:0.03125=$%7@7+6:0.03125=$%189@7+2:0.03125=$%154@6+0:0.03125=$%
318,1,20,86@9+0:0.84375=$%0@5+5:0.03125=$%7@7+6:0.03125=$%189@7+2:0.03125=$%154@6+0:0.03125=$%71@0+4:0.03125=$%
318,1,21,86@9+0:0.875=$%0@5+5:0.03125=$%189@7+2:0.03125=$%154@6+0:0.03125=$%71@0+4:0.03125=$%
318,1,22,86@9+0:0.9375=$%189@7+2:0.03125=$%71@0+4:0.03125=$%
318,1,23,86@9+0:1.0=$%
318,2,0,86@9+0:0.96875=$%71@1+6:0.03125=$%
318,2,1,86@9+0:0.96875=$%71@1+6:0.03125=$%
318,2,2,86@9+0:0.96875=$%71@1+6:0.03125=$%
318,2,3,86@9+0:0.96875=$%71@1+6:0.03125=$%
318,2,4,86@9+0:0.96875=$%71@1+6:0.03125=$%
318,2,5,86@9+0:0.96875=$%71@1+6:0.03125=$%
318,2,6,86@9+0:0.9375=$%7@7+2:0.03125=$%71@1+6:0.03125=$%
318,2,7,51@7+2:0.03125=$%86@9+0:0.8125=$%7@7+2:0.03125=$%71@1+6:0.03125=$%0@7+2:0.0625=$%4@7+2:0.03125=$%
318,2,8,51@7+2:0.03125=$%7@7+2:0.0625=$%140@1+6:0.03125=$%86@9+0:0.59375=$%0@7+4:0.03125=2:0.0625=$%56@7+2:0.03125=$%189@7+2:0.03125=$%4@7+2:0.03125=$%1@1+6:0.03125=$%55@7+2:0.03125=$%59@7+2:0.03125=$%
318,2,9,51@7+2:0.03125=$%7@7+2:0.0625=$%86@9+0:0.5=$%569@7+2:0.03125=$%0@7+4:0.03125=2:0.0625=$%56@7+2:0.03125=$%71@1+6:0.03125=$%189@7+2:0.03125=$%4@7+2:0.03125=$1+6:0.03125=$%53@1+6:0.03125=$%1@1+6:0.03125=$%55@7+2:0.03125=$%59@7+2:0.03125=$%
318,2,10,51@7+2:0.03125=$%7@7+2:0.0625=$%86@9+0:0.46875=$%569@7+2:0.03125=$%56@7+2:0.0625=$%71@1+6:0.03125=$%1@1+6:0.03125=$%0@7+4:0.03125=2:0.09375=$%189@7+2:0.03125=$%4@7+2:0.03125=$%53@1+6:0.03125=$%55@7+2:0.03125=$%59@7+2:0.03125=$%
318,2,11,51@7+2:0.03125=$%7@7+2:0.0625=$%86@9+0:0.53125=$%569@7+2:0.03125=$%56@7+2:0.0625=$%0@7+4:0.03125=2:0.09375=$%189@7+2:0.03125=$%4@7+2:0.03125=$%54@1+6:0.03125=$%55@7+2:0.03125=$%59@7+2:0.03125=$%
318,2,12,54@0+4:0.03125=$%86@9+0:0.65625=$%569@7+2:0.03125=$%56@7+2:0.0625=$%7@7+2:0.03125=$%0@7+4:0.03125=2:0.0625=$0+4:0.03125=$%4@7+2:0.03125=$%55@7+2:0.03125=$%
318,2,13,51@7+2:0.03125=$%7@7+2:0.09375=$%86@9+0:0.5625=$%569@7+2:0.03125=$%56@7+2:0.0625=$%0@7+4:0.03125=2:0.0625=$%35@4+1:0.03125=$%4@7+2:0.03125=$%55@7+2:0.03125=$%59@7+2:0.03125=$%
318,2,14,51@7+2:0.03125=$%7@7+2:0.09375=$%440@5+3:0.0625=$%569@7+2:0.03125=$%86@9+0:0.4375=$%0@7+4:0.03125=2:0.0625=$5+3:0.03125=$%35@5+3:0.03125=$4+1:0.03125=$%12@6+0:0.03125=$%4@7+2:0.03125=$%55@7+2:0.03125=$5+3:0.03125=$%59@7+2:0.03125=$%
318,2,15,51@7+2:0.03125=$%7@7+2:0.09375=$%86@9+0:0.4375=$%569@7+2:0.03125=$%71@7+2:0.03125=$%1@1+6:0.03125=$%5@1+6:0.03125=$%0@7+4:0.03125=2:0.03125=$5+3:0.03125=$1+6:0.03125=$%54@5+5:0.03125=$%35@4+1:0.03125=$%4@7+2:0.03125=$%53@1+6:0.03125=$%55@7+2:0.03125=$%59@7+2:0.03125=$%
318,2,16,51@7+2:0.03125=$%7@7+2:0.0625=$%86@9+0:0.53125=$%569@7+2:0.03125=$%71@7+2:0.03125=$1+6:0.0625=$%0@7+4:0.03125=2:0.03125=$%440@5+3:0.03125=$%35@4+1:0.03125=$%1@1+6:0.03125=$%53@1+6:0.03125=$%55@7+2:0.03125=$%59@7+2:0.03125=$%
318,2,17,86@9+0:0.71875=$%569@7+2:0.03125=$%71@7+2:0.03125=$%62@1+6:0.03125=$%7@7+2:0.03125=$%0@1+6:0.03125=$7+2:0.03125=$%35@4+1:0.03125=$%55@7+2:0.03125=$%53@5+3:0.03125=$%
318,2,18,86@9+0:0.875=$%569@7+2:0.03125=$%71@7+2:0.03125=$%0@1+6:0.03125=$7+2:0.03125=$%
318,2,19,86@9+0:0.875=$%569@7+2:0.03125=$%71@7+2:0.03125=$%0@2+1:0.03125=$7+2:0.03125=$%
318,2,20,86@9+0:0.875=$%569@7+2:0.03125=$%71@7+2:0.03125=$%0@2+1:0.03125=$7+2:0.03125=$%
318,2,21,86@9+0:0.96875=$%71@7+2:0.03125=$%
318,2,22,86@9+0:1.0=$%
318,2,23,86@9+0:1.0=$%
318,3,0,86@9+0:0.90625=$%56@6+0:0.03125=$%71@2+1:0.03125=$%0@1+6:0.03125=$%
318,3,1,86@9+0:0.90625=$%56@6+0:0.03125=$%71@2+1:0.03125=$%0@1+6:0.03125=$%
318,3,2,86@9+0:0.90625=$%56@6+0:0.03125=$%71@2+1:0.03125=$%0@1+6:0.03125=$%
318,3,3,86@9+0:0.90625=$%56@6+0:0.03125=$%71@2+1:0.03125=$%0@1+6:0.03125=$%
318,3,4,86@9+0:0.875=$%0@7+2:0.03125=$1+6:0.03125=$%56@6+0:0.03125=$%71@2+1:0.03125=$%
318,3,5,86@9+0:0.875=$%0@7+2:0.03125=$1+6:0.03125=$%56@6+0:0.03125=$%71@2+1:0.03125=$%
318,3,6,86@9+0:0.875=$%0@7+2:0.03125=$1+6:0.03125=$%56@6+0:0.03125=$%71@2+1:0.03125=$%
318,3,7,86@9+0:0.71875=$%35@7+6:0.03125=$%0@7+2:0.03125=$1+6:0.03125=$%7@7+2:0.03125=$%154@7+2:0.03125=$%1@7+2:0.03125=$%56@6+0:0.03125=$7+2:0.03125=$%71@2+1:0.03125=$%
318,3,8,51@7+2:0.03125=$%7@7+2:0.0625=$%86@9+0:0.46875=$%35@7+6:0.03125=$%1@7+6:0.03125=2:0.0625=$%0@7+2:0.09375=$1+6:0.03125=$%154@7+2:0.03125=$%56@6+0:0.03125=$7+2:0.03125=$%71@2+1:0.03125=$%189@7+2:0.03125=$%440@5+3:0.03125=$%
318,3,9,51@7+2:0.03125=$%7@7+2:0.09375=$%0@1+6:0.09375=$7+2:0.125=$%569@7+2:0.03125=$%86@9+0:0.25=$%35@7+6:0.03125=$6+0:0.03125=$%56@7+2:0.0625=$6+0:0.03125=$%428@2+1:0.03125=$%1@7+6:0.03125=2:0.0625=$%154@7+2:0.03125=$%71@2+1:0.03125=$%189@7+2:0.03125=$%
318,3,10,51@7+2:0.03125=$%7@7+2:0.0625=$%0@1+6:0.0625=$7+2:0.125=$%55@1+6:0.03125=$%86@9+0:0.21875=$%35@7+6:0.03125=$1+6:0.03125=$%56@7+2:0.0625=$%54@1+6:0.03125=$5+5:0.03125=$%428@2+1:0.03125=$%1@7+6:0.03125=2:0.0625=$%154@7+2:0.03125=$%337@6+0:0.03125=$%189@5+3:0.03125=$7+2:0.03125=$%169@1+6:0.03125=$%
318,3,11,51@7+2:0.03125=$%7@7+2:0.09375=$%0@1+6:0.03125=$7+2:0.125=$%569@7+2:0.03125=$%86@9+0:0.28125=$%35@7+6:0.03125=$%56@7+2:0.0625=$%428@2+1:0.03125=$%1@7+6:0.03125=2:0.0625=$1+6:0.03125=$%154@7+2:0.03125=$%337@6+0:0.03125=$%189@5+3:0.03125=$7+2:0.03125=$%169@1+6:0.03125=$%
318,3,12,86@9+0:0.5=$%7@7+2:0.09375=$%0@1+6:0.03125=$7+2:0.03125=$%569@7+2:0.03125=$%35@7+6:0.03125=$%56@7+2:0.0625=$%1@7+6:0.03125=2:0.0625=$1+6:0.03125=$%154@7+2:0.03125=$%337@6+0:0.03125=$%189@7+2:0.03125=$%
318,3,13,86@9+0:0.46875=$%7@7+2:0.09375=$%1@5+3:0.03125=$7+6:0.03125=2:0.0625=$1+6:0.03125=$%569@7+2:0.03125=$%35@7+6:0.03125=$%154@7+2:0.03125=$%337@6+0:0.03125=$%56@7+2:0.03125=$%189@7+2:0.03125=$%0@7+2:0.0625=$%54@7+6:0.03125=$%
318,3,14,86@9+0:0.46875=$%7@7+2:0.09375=$%1@5+3:0.03125=$7+6:0.03125=2:0.0625=$%569@7+2:0.03125=$%154@7+2:0.03125=$%337@6+0:0.03125=$%56@7+2:0.03125=$%35@1+6:0.0625=$%0@7+2:0.09375=$%54@7+6:0.03125=$%
318,3,15,86@9+0:0.34375=$%7@7+2:0.09375=$%189@6+0:0.03125=$1+6:0.03125=$%569@7+2:0.03125=$%1@7+6:0.03125=2:0.0625=$%54@5+3:0.03125=$7+6:0.03125=$%154@7+2:0.03125=$%337@6+0:0.03125=$%56@7+2:0.03125=$%35@1+6:0.0625=$%55@5+3:0.03125=$%0@7+2:0.09375=$%71@1+6:0.03125=$%
318,3,16,86@9+0:0.5=$%7@7+2:0.09375=$%569@7+2:0.03125=$%154@7+2:0.03125=$%1@7+2:0.0625=$%337@6+0:0.03125=$%56@7+2:0.03125=$%35@1+6:0.03125=$%71@1+6:0.03125=$%0@7+2:0.03125=$%20@1+6:0.03125=$%54@7+6:0.03125=$%440@5+3:0.03125=$%4@1+6:0.03125=$%
318,3,17,86@9+0:0.59375=$%7@7+2:0.09375=$%569@7+2:0.03125=$%403@5+3:0.03125=$%154@7+2:0.03125=$%1@7+2:0.0625=$%337@6+0:0.03125=$%56@7+2:0.03125=$%0@7+2:0.03125=$%55@1+6:0.03125=$%440@5+3:0.03125=$%
318,3,18,86@9+0:0.78125=$%569@7+2:0.03125=$%35@7+6:0.03125=$%7@7+2:0.03125=$%403@5+3:0.03125=$%1@7+2:0.03125=$%337@6+0:0.03125=$%56@7+2:0.03125=$%
318,3,19,86@9+0:0.875=$%569@7+2:0.03125=$%35@7+6:0.03125=$%7@7+2:0.03125=$%337@6+0:0.03125=$%
318,3,20,86@9+0:0.875=$%569@7+2:0.03125=$%35@7+6:0.03125=$%7@7+2:0.03125=$%337@6+0:0.03125=$%
318,3,21,86@9+0:0.9375=$%569@7+2:0.03125=$%7@7+2:0.03125=$%
318,3,22,86@9+0:0.9375=$%569@7+2:0.03125=$%7@7+2:0.03125=$%
318,3,23,86@9+0:1.0=$%
318,4,0,86@9+0:1.0=$%
318,4,1,86@9+0:1.0=$%
318,4,2,86@9+0:1.0=$%
318,4,3,86@9+0:1.0=$%
318,4,4,86@9+0:0.96875=$%154@7+2:0.03125=$%
318,4,5,86@9+0:0.96875=$%154@7+2:0.03125=$%
318,4,6,86@9+0:0.96875=$%154@7+2:0.03125=$%
318,4,7,86@9+0:0.75=$%154@7+2:0.03125=$%0@7+4:0.03125=2:0.03125=$%56@7+2:0.03125=$%7@7+6:0.03125=$%250@1+6:0.03125=$%4@7+2:0.03125=$%59@7+2:0.03125=$%
318,4,8,86@9+0:0.46875=$%169@7+2:0.03125=$%71@7+2:0.03125=$%56@7+2:0.09375=$%7@7+2:0.03125=6:0.03125=$%462@7+2:0.03125=$%0@7+4:0.03125=2:0.09375=$%1@7+2:0.03125=$%189@7+2:0.03125=$%4@7+2:0.03125=$%13@6+0:0.03125=$%59@7+2:0.03125=$%
318,4,9,51@7+2:0.03125=$%86@9+0:0.34375=$%169@7+2:0.03125=$%71@7+2:0.03125=$%0@1+6:0.03125=$7+4:0.03125=2:0.09375=$5+3:0.03125=$%56@7+2:0.0625=$%7@7+2:0.03125=6:0.03125=$%462@7+2:0.03125=$%1@7+6:0.03125=2:0.03125=$%138@6+0:0.03125=$%189@7+2:0.03125=$%4@7+2:0.03125=$%13@6+0:0.03125=$%59@7+2:0.03125=$%
318,4,10,51@7+2:0.03125=$%86@9+0:0.28125=$%169@7+2:0.03125=$%71@7+2:0.03125=$%7@1+6:0.0625=$7+2:0.03125=6:0.03125=$%56@7+2:0.0625=$%462@7+2:0.03125=$%1@7+6:0.03125=2:0.03125=$%0@7+4:0.03125=2:0.09375=$1+6:0.03125=$%189@7+2:0.03125=$%440@5+3:0.03125=$%4@7+2:0.03125=$%250@1+6:0.03125=$%13@6+0:0.03125=$%59@7+2:0.03125=$%
318,4,11,51@7+2:0.03125=$%86@9+0:0.375=$%169@7+2:0.03125=$%7@1+6:0.03125=$7+2:0.03125=6:0.03125=$%71@7+2:0.03125=$%56@7+2:0.0625=$%462@7+2:0.03125=$%1@7+6:0.03125=2:0.03125=$%154@1+6:0.03125=$%0@7+4:0.03125=2:0.09375=$%189@7+2:0.03125=$%4@7+2:0.03125=$%13@6+0:0.03125=$%59@7+2:0.03125=$%
318,4,12,71@0+4:0.0625=$7+2:0.03125=$%86@9+0:0.4375=$%56@7+2:0.0625=$%7@7+2:0.03125=6:0.03125=$1+6:0.03125=$0+4:0.03125=$%462@7+2:0.03125=$%1@7+6:0.03125=2:0.03125=$%0@7+4:0.03125=2:0.03125=$%189@7+2:0.03125=$%4@7+2:0.03125=$%250@0+4:0.03125=$%13@6+0:0.03125=$%
318,4,13,51@7+2:0.03125=$%86@9+0:0.46875=$%169@7+2:0.03125=$%71@7+2:0.03125=$%56@7+2:0.0625=$%7@7+2:0.03125=6:0.03125=$%462@7+2:0.03125=$%20@1+6:0.03125=$%0@7+4:0.03125=2:0.09375=$%1@7+2:0.03125=$%189@7+2:0.03125=$%4@7+2:0.03125=$%59@7+2:0.03125=$%
318,4,14,51@7+2:0.03125=$%140@6+0:0.03125=$%169@7+2:0.03125=$5+5:0.03125=$%86@9+0:0.40625=$%71@7+2:0.03125=$%35@7+6:0.03125=$%56@7+2:0.0625=$%7@7+2:0.03125=6:0.03125=$%462@7+2:0.03125=$%1@7+6:0.03125=2:0.03125=$%0@7+4:0.03125=2:0.09375=$%189@7+2:0.03125=$%4@7+2:0.03125=$%
318,4,15,51@7+2:0.03125=$%140@6+0:0.03125=$%169@7+2:0.03125=$%86@9+0:0.375=$%71@7+2:0.03125=$%35@7+6:0.03125=$%56@7+2:0.0625=$%7@7+2:0.03125=6:0.03125=$%462@7+2:0.03125=$%1@7+6:0.03125=2:0.03125=$%0@7+4:0.03125=2:0.09375=$%189@7+2:0.03125=$%4@7+2:0.03125=$%20@1+6:0.03125=$%59@7+2:0.03125=$%
318,4,16,51@7+2:0.03125=$%140@6+0:0.03125=$%169@7+2:0.03125=$%86@9+0:0.34375=$%71@7+2:0.03125=$1+6:0.03125=$%35@7+6:0.03125=$%56@7+2:0.0625=$%7@7+2:0.03125=6:0.03125=$%462@7+2:0.03125=$%1@7+6:0.03125=2:0.03125=$%0@7+4:0.03125=2:0.09375=$1+6:0.03125=$%189@7+2:0.03125=$%4@7+2:0.03125=$%59@7+2:0.03125=$%
318,4,17,51@7+2:0.03125=$%140@6+0:0.03125=$%169@7+2:0.03125=$%86@9+0:0.46875=$%71@7+2:0.03125=$%35@7+6:0.03125=$%56@7+2:0.0625=$%462@7+2:0.03125=$%1@7+6:0.03125=2:0.03125=$%0@7+4:0.03125=2:0.0625=$1+6:0.03125=$%7@7+6:0.03125=$%4@7+2:0.03125=$%59@7+2:0.03125=$%
318,4,18,51@7+2:0.03125=$%86@9+0:0.71875=$%169@7+2:0.03125=$%462@7+2:0.03125=$%1@7+6:0.03125=$1+6:0.03125=$%0@7+4:0.03125=$1+6:0.03125=$%56@7+2:0.03125=$%7@7+6:0.03125=$%
318,4,19,86@9+0:0.875=$%1@7+6:0.03125=$%0@1+6:0.03125=$%71@0+4:0.03125=$%7@1+6:0.03125=$%
318,4,20,86@9+0:0.9375=$%1@7+6:0.03125=$%71@0+4:0.03125=$%
318,4,21,86@9+0:0.9375=$%1@7+6:0.03125=$%71@0+4:0.03125=$%
318,4,22,86@9+0:0.9375=$%1@7+6:0.03125=$%71@0+4:0.03125=$%
318,4,23,86@9+0:1.0=$%
318,5,0,86@9+0:1.0=$%
318,5,1,86@9+0:1.0=$%
318,5,2,86@9+0:1.0=$%
318,5,3,86@9+0:1.0=$%
318,5,4,86@9+0:1.0=$%
318,5,5,86@9+0:1.0=$%
318,5,6,86@9+0:1.0=$%
318,5,7,0@6+0:0.03125=$1+6:0.03125=$%12@5+5:0.03125=$%86@9+0:0.84375=$%250@1+6:0.03125=$%71@0+4:0.03125=$%
318,5,8,86@9+0:0.78125=$%71@2+1:0.03125=$%0@1+6:0.03125=$%5@0+4:0.03125=$%403@6+0:0.03125=$%34@5+3:0.03125=$%4@1+6:0.03125=$%371@5+3:0.03125=$%
318,5,9,86@9+0:0.53125=$%7@6+0:0.0625=$%56@1+6:0.03125=$%663@6+0:0.03125=$%59@5+11:0.03125=$%20@6+0:0.03125=$%0@2+1:0.03125=$4+1:0.03125=$%4@6+0:0.03125=$%140@1+6:0.03125=$3+15:0.03125=$%154@6+0:0.03125=$%71@1+6:0.03125=$%23@3+15:0.03125=$%169@2+1:0.03125=$%
318,5,10,86@9+0:0.59375=$%23@3+15:0.03125=$%140@6+0:0.0625=$%337@5+3:0.03125=$%154@3+15:0.03125=$%71@2+1:0.03125=$%15@6+0:0.03125=$%20@6+0:0.03125=$%7@1+6:0.03125=$3+15:0.03125=$%250@0+4:0.03125=$%200@6+0:0.03125=$%0@2+1:0.03125=$%
318,5,11,86@9+0:0.875=$%362@6+0:0.03125=$%23@3+15:0.03125=$%0@5+5:0.03125=$%140@1+6:0.03125=$%
318,5,12,86@9+0:0.75=$%440@5+3:0.0625=$%1@1+6:0.03125=$%0@4+1:0.03125=$%53@1+6:0.03125=$%189@1+6:0.03125=$%140@3+15:0.03125=$%169@6+0:0.03125=$%
318,5,13,86@9+0:0.90625=$%0@4+1:0.03125=$1+6:0.03125=$%71@2+1:0.03125=$%
318,5,14,86@9+0:0.8125=$%71@1+6:0.03125=$%0@2+1:0.03125=$6+0:0.03125=$%35@6+0:0.03125=$%20@3+15:0.03125=$%250@1+6:0.03125=$%
318,5,15,86@9+0:0.9375=$%71@2+1:0.03125=$%35@3+15:0.03125=$%
318,5,16,86@9+0:0.9375=$%55@6+0:0.03125=$%0@1+6:0.03125=$%
318,5,17,86@9+0:1.0=$%
318,5,18,86@9+0:1.0=$%
318,5,19,86@9+0:1.0=$%
318,5,20,86@9+0:1.0=$%
318,5,21,86@9+0:1.0=$%
318,5,22,86@9+0:1.0=$%
318,5,23,86@9+0:1.0=$%
318,6,0,86@9+0:1.0=$%
318,6,1,86@9+0:1.0=$%
318,6,2,86@9+0:1.0=$%
318,6,3,86@9+0:1.0=$%
318,6,4,86@9+0:1.0=$%
318,6,5,86@9+0:1.0=$%
318,6,6,86@9+0:1.0=$%
318,6,7,86@9+0:0.6875=$%7@3+15:0.03125=$%0@5+3:0.0625=$%35@5+3:0.03125=$%71@6+0:0.03125=$2+1:0.03125=$1+6:0.03125=$%440@5+3:0.03125=$%20@1+6:0.03125=$%1@1+6:0.03125=$%
318,6,8,86@9+0:0.875=$%118@4+1:0.03125=$%0@5+3:0.03125=$1+6:0.03125=$2+1:0.03125=$%
318,6,9,86@9+0:0.53125=$%0@6+0:0.03125=$1+6:0.0625=$2+1:0.03125=$%7@3+15:0.03125=$5+3:0.03125=$%35@1+6:0.03125=$5+3:0.03125=5:0.03125=$4+1:0.03125=$%269@4+1:0.03125=$%71@0+4:0.03125=$%59@6+0:0.03125=$%20@1+6:0.03125=$%55@4+1:0.03125=$%
318,6,10,362@5+3:0.03125=$%59@1+6:0.03125=$%86@9+0:0.65625=$%154@3+15:0.03125=$%65@2+1:0.03125=$%26@2+10:0.03125=$%12@6+0:0.03125=$%203@5+3:0.03125=$%71@1+6:0.03125=$%0@3+15:0.03125=$4+1:0.03125=$%344@4+7:0.03125=$%
318,6,11,86@9+0:0.75=$%1@1+6:0.03125=$%7@1+6:0.03125=$%71@0+4:0.03125=$%20@2+1:0.03125=$%0@6+0:0.03125=$%54@1+6:0.03125=$%23@3+15:0.03125=$%34@5+3:0.03125=$%
318,6,12,86@9+0:0.875=$%19@5+3:0.03125=$%7@1+6:0.03125=$%179@6+0:0.03125=$%23@3+15:0.03125=$%
318,6,13,86@9+0:0.84375=$%55@6+0:0.03125=$%0@1+6:0.03125=$%35@6+0:0.03125=$%200@5+3:0.03125=$%71@0+4:0.03125=$%
318,6,14,86@9+0:0.90625=$%53@6+0:0.03125=$%23@3+15:0.03125=$%1@1+6:0.03125=$%
318,6,15,86@9+0:0.90625=$%12@2+1:0.03125=$%0@1+6:0.03125=$5+5:0.03125=$%
318,6,16,86@9+0:0.96875=$%362@3+15:0.03125=$%
318,6,17,86@9+0:1.0=$%
318,6,18,86@9+0:1.0=$%
318,6,19,86@9+0:1.0=$%
318,6,20,86@9+0:1.0=$%
318,6,21,86@9+0:1.0=$%
318,6,22,86@9+0:1.0=$%
318,6,23,86@9+0:1.0=$%
319,0,0,86@9+0:0.9787234042553191=$%169@8+8:0.02127659574468085=$%
319,0,1,86@9+0:0.9787234042553191=$%169@8+8:0.02127659574468085=$%
319,0,2,86@9+0:0.9787234042553191=$%169@8+8:0.02127659574468085=$%
319,0,3,86@9+0:0.9787234042553191=$%169@8+8:0.02127659574468085=$%
319,0,4,86@9+0:0.9787234042553191=$%169@8+8:0.02127659574468085=$%
319,0,5,86@9+0:0.9361702127659575=$%0@7+2:0.02127659574468085=$%169@8+8:0.02127659574468085=$%1@7+2:0.02127659574468085=$%
319,0,6,86@9+0:0.9361702127659575=$%0@7+2:0.02127659574468085=$%169@8+8:0.02127659574468085=$%1@7+2:0.02127659574468085=$%
319,0,7,86@9+0:0.7872340425531913=$%7@8+8:0.021276595744680847=$%0@7+2:0.021276595744680847=$8+8:0.06382978723404253=$%169@8+8:0.021276595744680847=$%154@8+8:0.021276595744680847=$%140@7+2:0.021276595744680847=$%1@7+2:0.021276595744680847=$%398@8+8:0.021276595744680847=$%
319,0,8,7@7+4:0.02127659574468085=$8+8:0.0425531914893617=$%86@9+0:0.40425531914893614=$%51@8+8:0.02127659574468085=$%462@7+2:0.02127659574468085=$%140@8+8:0.02127659574468085=$7+2:0.02127659574468085=$%54@8+8:0.02127659574468085=$%0@7+2:0.0851063829787234=$8+8:0.1276595744680851=$%169@8+8:0.02127659574468085=$%71@8+8:0.02127659574468085=$7+6:0.02127659574468085=$%154@8+8:0.0425531914893617=$%1@7+2:0.0425531914893617=$%398@8+8:0.02127659574468085=$%472@7+2:0.02127659574468085=$%56@8+8:0.02127659574468085=$%
319,0,9,7@7+4:0.042553191489361694=$8+8:0.042553191489361694=$%0@2+1:0.021276595744680847=$7+2:0.08510638297872339=$8+8:0.12765957446808507=12:0.021276595744680847=$%51@8+8:0.021276595744680847=$%462@7+2:0.021276595744680847=$%86@9+0:0.21276595744680846=$%140@8+8:0.021276595744680847=$7+2:0.042553191489361694=$%54@8+8:0.021276595744680847=$%250@7+6:0.021276595744680847=$%189@8+8:0.021276595744680847=$%169@8+8:0.021276595744680847=$%71@8+8:0.021276595744680847=$7+6:0.021276595744680847=$%59@1+6:0.021276595744680847=$%154@8+8:0.042553191489361694=$%1@7+2:0.042553191489361694=$%295@5+3:0.021276595744680847=$%58@8+8:0.021276595744680847=$%398@8+8:0.021276595744680847=$%472@7+2:0.021276595744680847=$%56@8+8:0.021276595744680847=$%
319,0,10,7@7+4:0.0425531914893617=$8+8:0.0425531914893617=$%86@9+0:0.23404255319148937=$%51@8+8:0.02127659574468085=$%71@1+6:0.02127659574468085=$8+8:0.02127659574468085=$7+6:0.02127659574468085=$%140@8+8:0.02127659574468085=$7+2:0.0425531914893617=$%54@8+8:0.02127659574468085=$%250@7+6:0.02127659574468085=$%0@7+2:0.0851063829787234=$8+8:0.1276595744680851=12:0.02127659574468085=$%189@8+8:0.02127659574468085=$%169@8+8:0.02127659574468085=$%154@8+8:0.0425531914893617=$%1@7+2:0.0425531914893617=6:0.02127659574468085=$%295@5+3:0.02127659574468085=$%58@8+8:0.02127659574468085=$%398@8+8:0.02127659574468085=$%472@7+2:0.02127659574468085=$%56@8+8:0.02127659574468085=$%
319,0,11,7@7+4:0.0425531914893617=$8+8:0.0425531914893617=$%56@7+2:0.02127659574468085=$8+8:0.02127659574468085=$%51@8+8:0.02127659574468085=$%86@9+0:0.19148936170212766=$%140@8+8:0.02127659574468085=$7+2:0.0425531914893617=$%54@8+8:0.02127659574468085=$%250@7+6:0.02127659574468085=$%0@7+2:0.10638297872340426=$8+8:0.1276595744680851=12:0.02127659574468085=$%189@8+8:0.02127659574468085=$%169@8+8:0.02127659574468085=$%71@8+8:0.02127659574468085=$7+6:0.02127659574468085=$%154@8+8:0.0425531914893617=$%112@5+3:0.02127659574468085=$%1@7+2:0.0425531914893617=6:0.02127659574468085=$%58@8+8:0.02127659574468085=$%92@5+3:0.02127659574468085=$%398@8+8:0.02127659574468085=$%472@7+2:0.02127659574468085=$%
319,0,12,7@7+4:0.0425531914893617=$8+8:0.0425531914893617=$0+4:0.02127659574468085=$%56@7+2:0.02127659574468085=$8+8:0.02127659574468085=$%86@9+0:0.3191489361702128=$%140@8+8:0.02127659574468085=$7+2:0.02127659574468085=$%54@8+8:0.02127659574468085=$%250@7+6:0.02127659574468085=$%0@7+2:0.0851063829787234=$8+8:0.0851063829787234=$%189@8+8:0.02127659574468085=$%169@8+8:0.02127659574468085=$%154@8+8:0.0425531914893617=$%112@5+3:0.02127659574468085=$%71@0+4:0.0425531914893617=$4+1:0.02127659574468085=$%58@8+8:0.02127659574468085=$%1@7+2:0.02127659574468085=6:0.02127659574468085=$%398@8+8:0.02127659574468085=$%472@7+2:0.02127659574468085=$%
319,0,13,7@7+4:0.021276595744680847=$8+8:0.042553191489361694=$%56@7+2:0.021276595744680847=$8+8:0.021276595744680847=$%86@9+0:0.34042553191489355=$%140@8+8:0.021276595744680847=$7+2:0.042553191489361694=$%0@0+4:0.021276595744680847=$7+2:0.06382978723404253=$8+8:0.12765957446808507=$1+6:0.021276595744680847=$%189@8+8:0.021276595744680847=$%169@8+8:0.021276595744680847=$%71@8+8:0.021276595744680847=$7+6:0.021276595744680847=$0+4:0.021276595744680847=$%154@8+8:0.042553191489361694=$%112@5+3:0.021276595744680847=$%1@7+2:0.021276595744680847=$%58@8+8:0.021276595744680847=$%5@4+1:0.021276595744680847=$%472@7+2:0.021276595744680847=$%
319,0,14,7@7+4:0.042553191489361694=$8+8:0.042553191489361694=$%56@7+2:0.021276595744680847=$8+8:0.021276595744680847=$%51@8+8:0.021276595744680847=$%86@9+0:0.2340425531914893=$%55@6+0:0.021276595744680847=$%140@8+8:0.021276595744680847=$7+2:0.042553191489361694=$%71@1+6:0.021276595744680847=$8+8:0.021276595744680847=$7+6:0.021276595744680847=$0+4:0.021276595744680847=$%0@7+2:0.08510638297872339=$8+8:0.12765957446808507=12:0.021276595744680847=$1+6:0.021276595744680847=$%189@8+8:0.021276595744680847=$%169@8+8:0.021276595744680847=$%154@8+8:0.042553191489361694=$%112@5+3:0.021276595744680847=$%1@7+2:0.021276595744680847=$%58@8+8:0.021276595744680847=$%398@8+8:0.021276595744680847=$%472@7+2:0.021276595744680847=$%
319,0,15,7@7+4:0.042553191489361694=$8+8:0.042553191489361694=$%56@7+2:0.021276595744680847=$8+8:0.021276595744680847=$%51@8+8:0.021276595744680847=$%86@9+0:0.25531914893617014=$%55@6+0:0.021276595744680847=$%140@8+8:0.021276595744680847=$7+2:0.042553191489361694=$%71@1+6:0.021276595744680847=$8+8:0.021276595744680847=$7+6:0.021276595744680847=$0+4:0.021276595744680847=$%0@7+2:0.08510638297872339=$8+8:0.10638297872340423=12:0.021276595744680847=$%189@8+8:0.021276595744680847=$%169@8+8:0.021276595744680847=$%154@8+8:0.042553191489361694=$%112@5+3:0.021276595744680847=$%1@7+2:0.021276595744680847=$%35@1+6:0.021276595744680847=$%58@8+8:0.021276595744680847=$%398@8+8:0.021276595744680847=$%472@7+2:0.021276595744680847=$%
319,0,16,7@7+4:0.042553191489361694=$%56@7+2:0.021276595744680847=$8+8:0.021276595744680847=$%86@9+0:0.44680851063829774=$%138@5+3:0.021276595744680847=$%140@1+6:0.042553191489361694=$7+2:0.021276595744680847=$%0@7+2:0.08510638297872339=$8+8:0.06382978723404253=12:0.021276595744680847=$%154@8+8:0.042553191489361694=$%112@5+3:0.021276595744680847=$%71@7+6:0.021276595744680847=$0+4:0.021276595744680847=$%35@1+6:0.021276595744680847=$%179@1+6:0.021276595744680847=$%272@6+0:0.021276595744680847=$%398@8+8:0.021276595744680847=$%5@1+6:0.021276595744680847=$%
319,0,17,7@7+4:0.021276595744680847=$%56@7+2:0.021276595744680847=$%86@9+0:0.5957446808510637=$%55@4+1:0.021276595744680847=$%140@1+6:0.021276595744680847=$7+2:0.021276595744680847=$%154@5+5:0.021276595744680847=$%1@1+6:0.021276595744680847=$%0@8+12:0.021276595744680847=$7+2:0.042553191489361694=$6+0:0.042553191489361694=$1+6:0.021276595744680847=$%112@5+3:0.021276595744680847=$%71@7+6:0.021276595744680847=$%462@2+1:0.021276595744680847=$%20@1+6:0.021276595744680847=$%272@6+0:0.021276595744680847=$%398@8+8:0.021276595744680847=$%
319,0,18,86@9+0:0.7872340425531913=$%56@7+2:0.021276595744680847=$%71@0+4:0.021276595744680847=$%172@2+1:0.021276595744680847=$%154@1+6:0.021276595744680847=$%0@6+0:0.042553191489361694=$7+2:0.021276595744680847=$%272@6+0:0.021276595744680847=$%398@8+8:0.021276595744680847=$%140@7+2:0.021276595744680847=$%
319,0,19,86@9+0:0.8723404255319147=$%56@7+2:0.021276595744680847=$%23@2+1:0.021276595744680847=$%71@0+4:0.021276595744680847=$%172@2+1:0.021276595744680847=$%272@6+0:0.021276595744680847=$%0@6+0:0.021276595744680847=$%
319,0,20,86@9+0:0.9148936170212766=$%7@6+0:0.02127659574468085=$%23@2+1:0.02127659574468085=$%71@0+4:0.02127659574468085=$%0@6+0:0.02127659574468085=$%
319,0,21,86@9+0:0.8936170212765957=$%23@2+1:0.02127659574468085=$%71@0+4:0.02127659574468085=$%4@6+0:0.02127659574468085=$%0@6+0:0.02127659574468085=$%35@2+1:0.02127659574468085=$%
319,0,22,86@9+0:0.9787234042553191=$%71@0+4:0.02127659574468085=$%
319,0,23,86@9+0:1.0=$%
319,1,0,86@9+0:1.0=$%
319,1,1,86@9+0:1.0=$%
319,1,2,86@9+0:1.0=$%
319,1,3,86@9+0:1.0=$%
319,1,4,86@9+0:1.0=$%
319,1,5,86@9+0:1.0=$%
319,1,6,86@9+0:0.9787234042553191=$%4@7+2:0.02127659574468085=$%
319,1,7,86@9+0:0.7659574468085104=$%51@8+8:0.021276595744680847=$%4@7+2:0.021276595744680847=$%140@8+8:0.021276595744680847=$%54@8+8:0.021276595744680847=$%154@8+8:0.021276595744680847=$%0@7+2:0.042553191489361694=$8+12:0.021276595744680847=$%250@7+2:0.021276595744680847=$%398@8+8:0.021276595744680847=$%472@7+2:0.021276595744680847=$%
319,1,8,86@9+0:0.40425531914893614=$%51@8+8:0.02127659574468085=$%0@5+11:0.02127659574468085=$8+8:0.14893617021276595=12:0.02127659574468085=$7+2:0.06382978723404255=$%4@7+2:0.02127659574468085=$%140@8+8:0.02127659574468085=$%54@8+8:0.02127659574468085=$%7@8+8:0.0425531914893617=$%189@8+8:0.02127659574468085=$%169@8+8:0.02127659574468085=$%154@8+8:0.0425531914893617=$%71@7+6:0.02127659574468085=$%58@8+8:0.02127659574468085=$%398@8+8:0.02127659574468085=$%472@7+2:0.02127659574468085=$%56@8+8:0.02127659574468085=$%35@0+4:0.02127659574468085=$%
319,1,9,86@9+0:0.2553191489361702=$%13@6+0:0.02127659574468085=$%51@8+8:0.02127659574468085=$%4@7+2:0.02127659574468085=$%140@8+8:0.02127659574468085=$%54@8+8:0.02127659574468085=$%7@8+8:0.0425531914893617=$%0@8+8:0.14893617021276595=12:0.0425531914893617=$7+2:0.06382978723404255=$5+3:0.02127659574468085=$%35@1+6:0.02127659574468085=$%189@8+8:0.02127659574468085=$%169@8+8:0.02127659574468085=$%71@8+8:0.02127659574468085=$1+6:0.02127659574468085=$7+6:0.02127659574468085=4:0.02127659574468085=$%154@8+8:0.0425531914893617=$%58@8+8:0.02127659574468085=$%29@1+6:0.02127659574468085=$%1@7+6:0.02127659574468085=$%398@8+8:0.02127659574468085=$%472@7+2:0.02127659574468085=$%56@8+8:0.02127659574468085=$%
319,1,10,86@9+0:0.2127659574468085=$%13@6+0:0.02127659574468085=$%51@8+8:0.02127659574468085=$%35@1+6:0.02127659574468085=$%4@7+2:0.02127659574468085=$%140@8+8:0.02127659574468085=$%54@8+8:0.02127659574468085=$%0@8+12:0.06382978723404255=8:0.14893617021276595=$7+2:0.06382978723404255=$%7@1+6:0.02127659574468085=$8+8:0.0425531914893617=$%189@8+8:0.02127659574468085=$%169@8+8:0.02127659574468085=$%71@8+8:0.02127659574468085=$1+6:0.02127659574468085=$7+4:0.0425531914893617=6:0.02127659574468085=$%154@8+8:0.0425531914893617=$%58@8+8:0.02127659574468085=$%146@1+6:0.02127659574468085=$%1@7+6:0.02127659574468085=$%398@8+8:0.02127659574468085=$%405@5+3:0.02127659574468085=$%56@8+8:0.02127659574468085=$%
319,1,11,86@9+0:0.14893617021276595=$%13@6+0:0.02127659574468085=$%51@8+8:0.02127659574468085=$%1@1+6:0.02127659574468085=$7+6:0.02127659574468085=$%4@7+2:0.02127659574468085=$%140@8+8:0.02127659574468085=$1+6:0.02127659574468085=$%54@8+8:0.02127659574468085=$%7@5+3:0.02127659574468085=$1+6:0.02127659574468085=$8+8:0.0425531914893617=$%0@8+12:0.06382978723404255=8:0.14893617021276595=$7+2:0.0851063829787234=$0+4:0.02127659574468085=$%189@8+8:0.02127659574468085=$%169@8+8:0.02127659574468085=$%71@8+8:0.02127659574468085=$1+6:0.02127659574468085=$7+4:0.02127659574468085=6:0.02127659574468085=$%154@8+8:0.0425531914893617=$%58@8+8:0.02127659574468085=$%146@1+6:0.02127659574468085=$%398@8+8:0.02127659574468085=$%405@5+3:0.02127659574468085=$%56@8+8:0.02127659574468085=$%
319,1,12,86@9+0:0.27659574468085113=$%13@6+0:0.021276595744680854=$%51@8+8:0.021276595744680854=$%4@7+2:0.021276595744680854=$%140@8+8:0.021276595744680854=$%0@0+4:0.021276595744680854=$8+8:0.14893617021276598=12:0.04255319148936171=$7+2:0.08510638297872342=$%7@8+8:0.04255319148936171=$%71@1+6:0.021276595744680854=$8+8:0.021276595744680854=$0+4:0.04255319148936171=$7+4:0.04255319148936171=6:0.021276595744680854=$%189@8+8:0.021276595744680854=$%169@8+8:0.021276595744680854=$%154@8+8:0.04255319148936171=$%58@8+8:0.021276595744680854=$%103@7+2:0.021276595744680854=$%398@8+8:0.021276595744680854=$%
319,1,13,7@7+4:0.021276595744680847=$8+8:0.042553191489361694=$%13@6+0:0.021276595744680847=$%51@8+8:0.021276595744680847=$%86@9+0:0.21276595744680846=$%4@7+2:0.021276595744680847=$%140@8+8:0.021276595744680847=$%54@8+8:0.021276595744680847=$%0@8+8:0.17021276595744678=12:0.042553191489361694=$7+2:0.08510638297872339=$%71@0+4:0.021276595744680847=$8+8:0.021276595744680847=$7+4:0.042553191489361694=6:0.021276595744680847=$%189@8+8:0.021276595744680847=$%169@8+8:0.021276595744680847=$%15@1+6:0.021276595744680847=$%154@8+8:0.042553191489361694=$%58@8+8:0.021276595744680847=$%1@7+6:0.021276595744680847=$%103@7+2:0.021276595744680847=$%398@8+8:0.021276595744680847=$%472@7+2:0.021276595744680847=$%
319,1,14,7@7+4:0.021276595744680847=$8+8:0.042553191489361694=$%13@6+0:0.021276595744680847=$%51@8+8:0.021276595744680847=$%86@9+0:0.25531914893617014=$%140@8+8:0.021276595744680847=$%54@8+8:0.021276595744680847=$%0@8+8:0.14893617021276592=12:0.042553191489361694=$7+2:0.08510638297872339=$%189@8+8:0.021276595744680847=$%169@8+8:0.021276595744680847=$%71@8+8:0.021276595744680847=$7+4:0.042553191489361694=6:0.021276595744680847=$%15@1+6:0.021276595744680847=$%154@8+8:0.042553191489361694=$%58@8+8:0.021276595744680847=$%1@7+6:0.021276595744680847=$%103@7+2:0.021276595744680847=$%398@8+8:0.021276595744680847=$%472@7+2:0.021276595744680847=$%56@8+8:0.021276595744680847=$%
319,1,15,7@7+4:0.042553191489361694=$6+0:0.021276595744680847=$8+8:0.042553191489361694=$%13@6+0:0.021276595744680847=$%51@8+8:0.021276595744680847=$%86@9+0:0.25531914893617014=$%140@8+8:0.021276595744680847=$%0@8+8:0.14893617021276592=12:0.021276595744680847=$7+2:0.08510638297872339=$%189@8+8:0.021276595744680847=$%169@8+8:0.021276595744680847=$%71@8+8:0.021276595744680847=$7+4:0.042553191489361694=6:0.021276595744680847=$%15@1+6:0.021276595744680847=$%154@8+8:0.042553191489361694=$%58@8+8:0.021276595744680847=$%1@7+6:0.021276595744680847=$%103@7+2:0.021276595744680847=$%398@8+8:0.021276595744680847=$%472@7+2:0.021276595744680847=$%56@8+8:0.021276595744680847=$%
319,1,16,7@7+4:0.042553191489361694=$8+8:0.021276595744680847=$%13@6+0:0.021276595744680847=$%86@9+0:0.44680851063829774=$%169@8+8:0.021276595744680847=$%0@7+2:0.08510638297872339=$8+8:0.06382978723404253=12:0.021276595744680847=$1+6:0.021276595744680847=$%15@1+6:0.021276595744680847=$%71@7+4:0.021276595744680847=6:0.021276595744680847=$%35@4+1:0.021276595744680847=$%140@1+6:0.021276595744680847=$%58@8+8:0.021276595744680847=$%103@7+2:0.021276595744680847=$%398@8+8:0.021276595744680847=$%154@8+8:0.021276595744680847=$%472@7+2:0.021276595744680847=$%56@8+8:0.021276595744680847=$%54@1+6:0.021276595744680847=$%
319,1,17,86@9+0:0.6382978723404255=$%13@6+0:0.021276595744680847=$%0@1+6:0.021276595744680847=$7+2:0.042553191489361694=$6+0:0.021276595744680847=$8+12:0.021276595744680847=8:0.021276595744680847=$%15@1+6:0.021276595744680847=$%7@1+6:0.021276595744680847=$7+4:0.021276595744680847=$%1@5+3:0.021276595744680847=$%398@1+6:0.021276595744680847=$%362@1+6:0.021276595744680847=$%103@7+2:0.021276595744680847=$%54@6+0:0.021276595744680847=$%472@7+2:0.021276595744680847=$%140@7+2:0.021276595744680847=$%
319,1,18,86@9+0:0.829787234042553=$%13@6+0:0.021276595744680847=$%0@7+2:0.021276595744680847=$5+3:0.021276595744680847=$%71@0+4:0.021276595744680847=$%7@7+4:0.021276595744680847=$%103@7+2:0.021276595744680847=$%54@6+0:0.021276595744680847=$%140@7+2:0.021276595744680847=$%
319,1,19,86@9+0:0.8723404255319147=$%71@2+1:0.021276595744680847=$0+4:0.021276595744680847=$%0@7+2:0.021276595744680847=$%7@7+4:0.021276595744680847=$%103@7+2:0.021276595744680847=$%140@7+2:0.021276595744680847=$%
319,1,20,86@9+0:0.9574468085106383=$%71@2+1:0.02127659574468085=$0+4:0.02127659574468085=$%
319,1,21,86@9+0:0.9361702127659575=$%71@2+1:0.0425531914893617=$0+4:0.02127659574468085=$%
319,1,22,86@9+0:0.9787234042553191=$%71@0+4:0.02127659574468085=$%
319,1,23,86@9+0:1.0=$%
319,2,0,86@9+0:1.0=$%
319,2,1,86@9+0:1.0=$%
319,2,2,86@9+0:1.0=$%
319,2,3,86@9+0:1.0=$%
319,2,4,86@9+0:0.9574468085106383=$%0@7+2:0.02127659574468085=$%71@7+4:0.02127659574468085=$%
319,2,5,86@9+0:0.9574468085106383=$%0@7+2:0.02127659574468085=$%71@7+4:0.02127659574468085=$%
319,2,6,86@9+0:0.9361702127659575=$%0@7+2:0.0425531914893617=$%71@7+4:0.02127659574468085=$%
319,2,7,86@9+0:0.6808510638297872=$%51@8+8:0.02127659574468085=$%462@7+2:0.02127659574468085=$%4@7+2:0.02127659574468085=$%250@7+6:0.02127659574468085=2:0.02127659574468085=$%0@7+2:0.0851063829787234=$8+8:0.02127659574468085=$%71@8+8:0.02127659574468085=$7+6:0.02127659574468085=4:0.02127659574468085=$%1@7+2:0.02127659574468085=$%58@8+8:0.02127659574468085=$%
319,2,8,86@9+0:0.425531914893617=$%51@8+8:0.02127659574468085=$%462@7+2:0.02127659574468085=$%4@7+2:0.02127659574468085=$%250@7+6:0.02127659574468085=2:0.02127659574468085=$%0@7+2:0.10638297872340426=$8+8:0.10638297872340426=12:0.02127659574468085=$%7@8+8:0.02127659574468085=$%71@8+8:0.02127659574468085=$7+6:0.02127659574468085=4:0.02127659574468085=$%35@7+2:0.02127659574468085=$%154@8+8:0.02127659574468085=$%1@7+2:0.02127659574468085=6:0.02127659574468085=$%58@8+8:0.02127659574468085=$%54@7+2:0.02127659574468085=$%56@8+8:0.02127659574468085=$%
319,2,9,86@9+0:0.2765957446808511=$%51@8+8:0.02127659574468085=$%462@7+2:0.02127659574468085=$%4@7+2:0.02127659574468085=$1+6:0.02127659574468085=$%1@2+1:0.02127659574468085=$7+2:0.02127659574468085=6:0.02127659574468085=$%250@7+6:0.02127659574468085=2:0.02127659574468085=$%0@7+2:0.10638297872340426=$8+8:0.10638297872340426=12:0.02127659574468085=$%7@8+8:0.0425531914893617=$%189@8+8:0.02127659574468085=$%71@8+8:0.02127659574468085=$7+6:0.02127659574468085=4:0.02127659574468085=$%35@7+2:0.02127659574468085=$%154@8+8:0.02127659574468085=$6+0:0.02127659574468085=$%58@8+8:0.02127659574468085=$%54@7+2:0.02127659574468085=$%398@8+8:0.02127659574468085=$%472@7+2:0.02127659574468085=$%56@8+8:0.02127659574468085=$%
319,2,10,86@9+0:0.2553191489361702=$%189@5+3:0.02127659574468085=$8+8:0.02127659574468085=$%51@8+8:0.02127659574468085=$%462@7+2:0.02127659574468085=$%4@7+2:0.02127659574468085=$%55@1+6:0.02127659574468085=$%250@7+6:0.02127659574468085=2:0.02127659574468085=$%0@7+2:0.10638297872340426=$8+8:0.10638297872340426=12:0.02127659574468085=$%7@8+8:0.0425531914893617=$%71@8+8:0.02127659574468085=$7+6:0.02127659574468085=4:0.02127659574468085=$%35@7+2:0.02127659574468085=$%154@8+8:0.02127659574468085=$6+0:0.02127659574468085=$%1@5+3:0.02127659574468085=$7+2:0.02127659574468085=6:0.02127659574468085=$%58@8+8:0.02127659574468085=$%54@7+2:0.02127659574468085=$%398@8+8:0.02127659574468085=$%472@7+2:0.02127659574468085=$%56@8+8:0.02127659574468085=$%
319,2,11,86@9+0:0.2553191489361702=$%189@5+3:0.02127659574468085=$8+8:0.02127659574468085=$%51@8+8:0.02127659574468085=$%462@7+2:0.02127659574468085=$%4@7+2:0.02127659574468085=$%250@7+6:0.02127659574468085=2:0.02127659574468085=$%0@7+2:0.10638297872340426=$8+8:0.10638297872340426=12:0.02127659574468085=$1+6:0.02127659574468085=$%7@8+8:0.0425531914893617=$%54@5+3:0.02127659574468085=$7+2:0.02127659574468085=$%71@8+8:0.02127659574468085=$7+6:0.02127659574468085=$%35@7+2:0.02127659574468085=$2+1:0.02127659574468085=$%154@8+8:0.02127659574468085=$%1@7+2:0.0425531914893617=6:0.02127659574468085=$%58@8+8:0.02127659574468085=$%398@8+8:0.02127659574468085=$%472@7+2:0.02127659574468085=$%56@8+8:0.02127659574468085=$%
319,2,12,86@9+0:0.46808510638297873=$%51@8+8:0.02127659574468085=$%462@7+2:0.02127659574468085=$%71@0+4:0.06382978723404255=$8+8:0.02127659574468085=$6+0:0.02127659574468085=$7+6:0.02127659574468085=$%250@7+6:0.02127659574468085=2:0.02127659574468085=$%0@7+2:0.0851063829787234=$8+8:0.0425531914893617=12:0.02127659574468085=$%189@8+8:0.02127659574468085=$%54@5+3:0.02127659574468085=$7+2:0.02127659574468085=$%35@7+2:0.02127659574468085=$%1@7+2:0.0425531914893617=$%7@8+8:0.02127659574468085=$%398@8+8:0.02127659574468085=$%
319,2,13,86@9+0:0.40425531914893614=$%51@8+8:0.02127659574468085=$%462@7+2:0.02127659574468085=$%71@0+4:0.02127659574468085=$8+8:0.02127659574468085=$6+0:0.02127659574468085=$7+6:0.02127659574468085=$%0@2+1:0.0425531914893617=$7+2:0.0851063829787234=$8+8:0.0425531914893617=$6+0:0.02127659574468085=$%250@7+6:0.02127659574468085=2:0.02127659574468085=$%54@5+3:0.02127659574468085=$7+2:0.02127659574468085=$%35@7+2:0.02127659574468085=$%1@5+3:0.02127659574468085=$7+2:0.0425531914893617=$%362@0+4:0.02127659574468085=$%398@8+8:0.02127659574468085=$%472@7+2:0.02127659574468085=$%519@6+0:0.02127659574468085=$%56@8+8:0.02127659574468085=$%
319,2,14,86@9+0:0.2553191489361702=$%51@8+8:0.02127659574468085=$%462@7+2:0.02127659574468085=$%4@7+2:0.02127659574468085=$%0@2+1:0.10638297872340426=$7+2:0.0851063829787234=$8+8:0.0425531914893617=$%250@7+6:0.02127659574468085=2:0.02127659574468085=$%35@1+6:0.02127659574468085=$7+2:0.02127659574468085=$%54@5+3:0.0425531914893617=$7+2:0.02127659574468085=$%71@8+8:0.02127659574468085=$6+0:0.02127659574468085=$7+6:0.02127659574468085=$%1@5+3:0.02127659574468085=$7+2:0.02127659574468085=6:0.02127659574468085=$%7@6+0:0.02127659574468085=$%58@2+1:0.02127659574468085=$%362@0+4:0.02127659574468085=$%398@8+8:0.02127659574468085=$%272@6+0:0.02127659574468085=$%472@7+2:0.02127659574468085=$%519@6+0:0.02127659574468085=$%56@8+8:0.02127659574468085=$%
319,2,15,86@9+0:0.36170212765957444=$%51@8+8:0.021276595744680847=$%4@7+2:0.021276595744680847=$%0@2+1:0.042553191489361694=$7+2:0.08510638297872339=$8+8:0.021276595744680847=$1+6:0.021276595744680847=$%71@0+4:0.021276595744680847=$8+8:0.021276595744680847=$7+6:0.021276595744680847=$%250@7+6:0.021276595744680847=2:0.021276595744680847=$%35@1+6:0.021276595744680847=$7+2:0.021276595744680847=$%54@5+3:0.042553191489361694=$7+2:0.021276595744680847=$%1@5+3:0.021276595744680847=$7+2:0.021276595744680847=6:0.021276595744680847=$%7@6+0:0.021276595744680847=$%58@2+1:0.021276595744680847=$%362@0+4:0.021276595744680847=$%272@6+0:0.021276595744680847=$%472@7+2:0.021276595744680847=$%519@6+0:0.021276595744680847=$%56@8+8:0.021276595744680847=$%
319,2,16,86@9+0:0.5531914893617018=$%4@7+2:0.021276595744680837=$%71@0+4:0.021276595744680837=$8+8:0.021276595744680837=$7+6:0.021276595744680837=$%0@7+2:0.021276595744680837=$6+0:0.021276595744680837=$2+1:0.021276595744680837=$%35@1+6:0.021276595744680837=$6+0:0.021276595744680837=$7+2:0.021276595744680837=$%54@5+3:0.021276595744680837=$7+2:0.021276595744680837=$%440@5+3:0.021276595744680837=$%250@7+2:0.021276595744680837=$%7@6+0:0.021276595744680837=$%591@5+3:0.021276595744680837=$%1@7+6:0.021276595744680837=$%272@6+0:0.021276595744680837=$%472@7+2:0.021276595744680837=$%519@6+0:0.021276595744680837=$%56@8+8:0.021276595744680837=$%
319,2,17,86@9+0:0.7021276595744678=$%0@7+2:0.02127659574468084=$6+0:0.02127659574468084=$%35@1+6:0.02127659574468084=$6+0:0.02127659574468084=$7+2:0.02127659574468084=$%54@5+3:0.02127659574468084=$7+2:0.02127659574468084=$%140@6+0:0.02127659574468084=$%250@7+2:0.02127659574468084=$%7@6+0:0.02127659574468084=$%591@5+3:0.02127659574468084=$%272@6+0:0.02127659574468084=$%472@7+2:0.02127659574468084=$%519@6+0:0.02127659574468084=$%
319,2,18,86@9+0:0.8085106382978721=$%0@7+2:0.021276595744680847=$6+0:0.021276595744680847=$%35@1+6:0.021276595744680847=$6+0:0.021276595744680847=$7+2:0.021276595744680847=$%169@2+10:0.021276595744680847=$%140@6+0:0.021276595744680847=$%250@7+2:0.021276595744680847=$%54@7+2:0.021276595744680847=$%
319,2,19,86@9+0:0.8723404255319149=$%35@6+0:0.0425531914893617=$7+2:0.02127659574468085=$%53@1+6:0.02127659574468085=$%140@6+0:0.02127659574468085=$%250@7+2:0.02127659574468085=$%
319,2,20,86@9+0:0.9574468085106383=$%35@6+0:0.02127659574468085=$%140@6+0:0.02127659574468085=$%
319,2,21,71@0+4:0.02127659574468085=$%86@9+0:0.9574468085106383=$%0@0+4:0.02127659574468085=$%
319,2,22,71@0+4:0.02127659574468085=$%86@9+0:0.9574468085106383=$%0@0+4:0.02127659574468085=$%
319,2,23,86@9+0:1.0=$%
319,3,0,86@9+0:1.0=$%
319,3,1,86@9+0:1.0=$%
319,3,2,86@9+0:1.0=$%
319,3,3,86@9+0:1.0=$%
319,3,4,86@9+0:1.0=$%
319,3,5,86@9+0:1.0=$%
319,3,6,86@9+0:0.9361702127659575=$%118@7+2:0.02127659574468085=$%472@7+2:0.02127659574468085=$%71@7+4:0.02127659574468085=$%
319,3,7,86@9+0:0.553191489361702=$%56@7+2:0.021276595744680847=$8+8:0.021276595744680847=$%462@7+2:0.021276595744680847=$%4@7+2:0.021276595744680847=$%0@1+6:0.021276595744680847=$8+8:0.08510638297872339=12:0.042553191489361694=$%519@2+1:0.021276595744680847=$%1@7+2:0.021276595744680847=6:0.021276595744680847=$%7@8+8:0.021276595744680847=$%250@7+2:0.021276595744680847=$%118@7+2:0.021276595744680847=$%58@8+8:0.021276595744680847=$%154@8+8:0.021276595744680847=$%472@7+2:0.021276595744680847=$%71@7+4:0.021276595744680847=$%
319,3,8,7@7+4:0.02127659574468085=$8+8:0.02127659574468085=$%56@7+2:0.02127659574468085=$8+8:0.02127659574468085=$%51@8+8:0.02127659574468085=$%462@7+2:0.02127659574468085=$%4@7+2:0.02127659574468085=$%140@8+8:0.02127659574468085=$%54@8+8:0.02127659574468085=$%250@7+6:0.02127659574468085=2:0.02127659574468085=$%86@9+0:0.2127659574468085=$%0@8+8:0.1702127659574468=12:0.06382978723404255=$7+2:0.06382978723404255=$%189@8+8:0.02127659574468085=$%169@8+8:0.02127659574468085=$%154@8+8:0.0425531914893617=$%1@7+2:0.02127659574468085=6:0.02127659574468085=$%118@7+2:0.02127659574468085=$%58@8+8:0.02127659574468085=$%53@1+6:0.02127659574468085=$%398@8+8:0.02127659574468085=$%472@7+2:0.02127659574468085=$%71@7+4:0.02127659574468085=$%
319,3,9,7@7+4:0.02127659574468085=$8+8:0.02127659574468085=$%56@7+2:0.02127659574468085=$8+8:0.02127659574468085=$%51@8+8:0.02127659574468085=$%462@7+2:0.02127659574468085=$%4@7+2:0.02127659574468085=$%140@8+8:0.02127659574468085=$%54@8+8:0.02127659574468085=$%250@7+6:0.02127659574468085=2:0.02127659574468085=$%86@9+0:0.1702127659574468=$%0@8+8:0.1702127659574468=12:0.0851063829787234=$7+2:0.06382978723404255=$%189@8+8:0.02127659574468085=$%169@8+8:0.02127659574468085=$%35@7+2:0.02127659574468085=$%154@8+8:0.0425531914893617=$6+0:0.02127659574468085=$%1@7+2:0.02127659574468085=6:0.02127659574468085=$%118@7+2:0.02127659574468085=$%58@8+8:0.02127659574468085=$%398@8+8:0.02127659574468085=$%472@7+2:0.02127659574468085=$%71@7+4:0.02127659574468085=$%
319,3,10,7@7+4:0.02127659574468085=$8+8:0.0425531914893617=$%56@7+2:0.02127659574468085=$8+8:0.02127659574468085=$%51@8+8:0.02127659574468085=$%462@7+2:0.02127659574468085=$%4@7+2:0.02127659574468085=$%140@8+8:0.02127659574468085=$%54@8+8:0.02127659574468085=$%250@7+6:0.02127659574468085=2:0.02127659574468085=$%0@7+2:0.0851063829787234=$8+8:0.1702127659574468=12:0.0851063829787234=$%86@9+0:0.1276595744680851=$%189@8+8:0.02127659574468085=$%169@8+8:0.02127659574468085=$%71@8+8:0.02127659574468085=$7+4:0.02127659574468085=$%35@7+2:0.02127659574468085=$%154@8+8:0.0425531914893617=$%1@7+2:0.02127659574468085=6:0.02127659574468085=$%118@7+2:0.02127659574468085=$%58@8+8:0.02127659574468085=$%398@8+8:0.02127659574468085=$%472@7+2:0.02127659574468085=$%
319,3,11,7@7+4:0.021276595744680847=$8+8:0.021276595744680847=$%56@7+2:0.021276595744680847=$8+8:0.021276595744680847=$%51@8+8:0.021276595744680847=$%462@7+2:0.021276595744680847=$%4@7+2:0.021276595744680847=$%140@8+8:0.021276595744680847=$%54@8+8:0.021276595744680847=$%86@9+0:0.17021276595744678=$%0@7+2:0.042553191489361694=$8+8:0.17021276595744678=12:0.08510638297872339=$%20@1+6:0.021276595744680847=$%189@8+8:0.021276595744680847=$%169@8+8:0.021276595744680847=$%71@8+8:0.021276595744680847=$7+4:0.021276595744680847=$%35@7+2:0.021276595744680847=$%154@8+8:0.042553191489361694=$%1@7+2:0.021276595744680847=6:0.021276595744680847=$%250@7+2:0.021276595744680847=$%118@7+2:0.021276595744680847=$%58@8+8:0.021276595744680847=$%287@6+0:0.021276595744680847=$%398@8+8:0.021276595744680847=$%472@7+2:0.021276595744680847=$%
319,3,12,86@9+0:0.2978723404255319=$%56@7+2:0.02127659574468085=$8+8:0.02127659574468085=$%51@8+8:0.02127659574468085=$%462@7+2:0.02127659574468085=$%4@7+2:0.02127659574468085=$%140@8+8:0.02127659574468085=$%54@8+8:0.02127659574468085=$%7@8+8:0.0425531914893617=$%0@8+8:0.14893617021276595=12:0.0851063829787234=$7+2:0.02127659574468085=$%189@8+8:0.02127659574468085=$%169@8+8:0.02127659574468085=$%295@0+4:0.02127659574468085=$%154@8+8:0.0425531914893617=$%250@7+2:0.02127659574468085=$%118@7+2:0.02127659574468085=$%58@8+8:0.02127659574468085=$%1@7+6:0.02127659574468085=$%110@6+0:0.02127659574468085=$%398@8+8:0.02127659574468085=$%71@7+4:0.02127659574468085=$%
319,3,13,86@9+0:0.19148936170212766=$%56@7+2:0.02127659574468085=$8+8:0.02127659574468085=$%51@8+8:0.02127659574468085=$%462@7+2:0.02127659574468085=$%4@7+2:0.02127659574468085=$%140@8+8:0.02127659574468085=$%54@8+8:0.02127659574468085=$%0@7+2:0.0851063829787234=$8+8:0.14893617021276595=12:0.10638297872340426=$%7@8+8:0.0425531914893617=$%189@8+8:0.02127659574468085=$%169@8+8:0.02127659574468085=$%71@8+8:0.02127659574468085=$7+4:0.02127659574468085=$%35@7+2:0.02127659574468085=$%154@8+8:0.0425531914893617=$%250@7+2:0.02127659574468085=$%118@7+2:0.02127659574468085=$%58@8+8:0.02127659574468085=$%1@7+6:0.02127659574468085=$%398@8+8:0.02127659574468085=$%472@7+2:0.02127659574468085=$%
319,3,14,7@7+4:0.021276595744680847=$8+8:0.042553191489361694=$%56@7+2:0.021276595744680847=$%51@8+8:0.021276595744680847=$%462@7+2:0.021276595744680847=$%4@7+2:0.021276595744680847=$%140@8+8:0.021276595744680847=$%54@8+8:0.021276595744680847=$%250@7+6:0.021276595744680847=$%0@7+2:0.06382978723404253=$8+8:0.17021276595744678=12:0.10638297872340423=$%86@9+0:0.14893617021276592=$%189@8+8:0.021276595744680847=$%169@8+8:0.021276595744680847=$%71@8+8:0.021276595744680847=$7+4:0.021276595744680847=$%35@7+2:0.021276595744680847=$%154@8+8:0.042553191489361694=$%1@7+2:0.021276595744680847=6:0.021276595744680847=$%29@1+6:0.021276595744680847=$%118@7+2:0.021276595744680847=$%58@8+8:0.021276595744680847=$%398@8+8:0.021276595744680847=$%472@7+2:0.021276595744680847=$%
319,3,15,7@7+4:0.021276595744680847=$8+8:0.042553191489361694=$%56@7+2:0.021276595744680847=$%51@8+8:0.021276595744680847=$%462@7+2:0.021276595744680847=$%4@7+2:0.021276595744680847=$%140@8+8:0.021276595744680847=$%54@8+8:0.021276595744680847=$%250@7+6:0.021276595744680847=$%0@7+2:0.06382978723404253=$8+8:0.17021276595744678=12:0.10638297872340423=$%86@9+0:0.17021276595744678=$%189@8+8:0.021276595744680847=$%169@8+8:0.021276595744680847=$%35@7+2:0.021276595744680847=$%154@8+8:0.042553191489361694=$%1@7+2:0.021276595744680847=6:0.021276595744680847=$%118@7+2:0.021276595744680847=$%58@8+8:0.021276595744680847=$%398@8+8:0.021276595744680847=$%472@7+2:0.021276595744680847=$%20@1+6:0.021276595744680847=$%71@7+4:0.021276595744680847=$%
319,3,16,7@7+4:0.02127659574468085=$8+8:0.02127659574468085=$%56@7+2:0.02127659574468085=$%51@8+8:0.02127659574468085=$%462@7+2:0.02127659574468085=$%4@7+2:0.02127659574468085=$%140@8+8:0.02127659574468085=$%86@9+0:0.3191489361702128=$%0@7+2:0.06382978723404255=$8+8:0.0851063829787234=12:0.10638297872340426=$5+5:0.02127659574468085=$2+1:0.02127659574468085=$%154@8+8:0.0425531914893617=$%1@7+2:0.02127659574468085=6:0.02127659574468085=$1+6:0.02127659574468085=$%118@7+2:0.02127659574468085=$%58@8+8:0.02127659574468085=$%398@8+8:0.02127659574468085=$%472@7+2:0.02127659574468085=$%20@1+6:0.02127659574468085=$%71@7+4:0.02127659574468085=$%
319,3,17,7@7+4:0.021276595744680847=$%86@9+0:0.6382978723404255=$%4@7+2:0.021276595744680847=$%138@6+0:0.021276595744680847=$%0@7+2:0.042553191489361694=$8+12:0.06382978723404253=8:0.021276595744680847=$1+6:0.021276595744680847=$%154@8+8:0.042553191489361694=$%118@7+2:0.021276595744680847=$%1@2+1:0.021276595744680847=$%341@1+6:0.021276595744680847=$%472@7+2:0.021276595744680847=$%71@7+4:0.021276595744680847=$%
319,3,18,86@9+0:0.7872340425531913=$%35@1+6:0.021276595744680847=$%4@7+2:0.021276595744680847=$%0@6+0:0.021276595744680847=$7+2:0.042553191489361694=$8+12:0.021276595744680847=$1+6:0.021276595744680847=$%20@6+0:0.021276595744680847=$%1@1+6:0.021276595744680847=$%71@7+4:0.021276595744680847=$%
319,3,19,86@9+0:0.9148936170212766=$%20@6+0:0.02127659574468085=$%189@6+0:0.02127659574468085=$%7@6+0:0.02127659574468085=$%71@7+4:0.02127659574468085=$%
319,3,20,86@9+0:0.9787234042553191=$%0@7+2:0.02127659574468085=$%
319,3,21,86@9+0:1.0=$%
319,3,22,86@9+0:1.0=$%
319,3,23,86@9+0:1.0=$%
319,4,0,86@9+0:1.0=$%
319,4,1,86@9+0:1.0=$%
319,4,2,86@9+0:1.0=$%
319,4,3,86@9+0:1.0=$%
319,4,4,86@9+0:1.0=$%
319,4,5,86@9+0:1.0=$%
319,4,6,86@9+0:0.9787234042553191=$%56@7+2:0.02127659574468085=$%
319,4,7,86@9+0:0.7659574468085104=$%56@7+2:0.021276595744680847=$%51@8+8:0.021276595744680847=$%54@8+8:0.021276595744680847=$%0@8+8:0.06382978723404253=$7+2:0.021276595744680847=$%71@7+4:0.021276595744680847=$%7@8+8:0.021276595744680847=$%118@7+2:0.021276595744680847=$%154@8+8:0.021276595744680847=$%
319,4,8,86@9+0:0.25531914893617025=$%56@7+2:0.021276595744680854=$8+8:0.021276595744680854=$%51@8+8:0.021276595744680854=$%462@7+2:0.021276595744680854=$%71@0+4:0.021276595744680854=$8+8:0.021276595744680854=$7+4:0.021276595744680854=$%140@8+8:0.021276595744680854=$%54@8+8:0.021276595744680854=$7+2:0.021276595744680854=$%250@7+6:0.021276595744680854=2:0.021276595744680854=$%0@7+2:0.10638297872340428=$8+8:0.12765957446808512=$%7@8+8:0.04255319148936171=$%189@8+8:0.021276595744680854=$%169@8+8:0.021276595744680854=$%154@8+8:0.04255319148936171=$%1@7+2:0.04255319148936171=$%118@7+2:0.021276595744680854=$%58@8+8:0.021276595744680854=$%398@8+8:0.021276595744680854=$%472@7+2:0.021276595744680854=$%
319,4,9,86@9+0:0.2127659574468085=$%56@7+2:0.02127659574468085=$8+8:0.02127659574468085=$%51@8+8:0.02127659574468085=$%462@7+2:0.02127659574468085=$%140@8+8:0.02127659574468085=$%54@8+8:0.02127659574468085=$7+2:0.02127659574468085=$%250@7+6:0.02127659574468085=2:0.02127659574468085=$%0@7+2:0.1276595744680851=$8+8:0.1702127659574468=$%7@8+8:0.0425531914893617=$%189@8+8:0.02127659574468085=$%169@8+8:0.02127659574468085=$%71@8+8:0.02127659574468085=$7+4:0.02127659574468085=$%154@8+8:0.0425531914893617=$%1@7+2:0.0425531914893617=$%118@7+2:0.02127659574468085=$%58@8+8:0.02127659574468085=$%398@8+8:0.02127659574468085=$%472@7+2:0.02127659574468085=$%
319,4,10,86@9+0:0.1702127659574468=$%56@7+2:0.02127659574468085=$8+8:0.02127659574468085=$%51@8+8:0.02127659574468085=$%462@7+2:0.02127659574468085=$%140@8+8:0.02127659574468085=$%54@8+8:0.02127659574468085=$7+2:0.02127659574468085=$%250@7+6:0.02127659574468085=2:0.02127659574468085=$%0@7+2:0.1276595744680851=$8+8:0.1702127659574468=$%7@8+8:0.0425531914893617=$%189@8+8:0.02127659574468085=$%169@8+8:0.02127659574468085=$1+6:0.02127659574468085=$%71@8+8:0.02127659574468085=$7+4:0.02127659574468085=$%154@8+8:0.0425531914893617=$%1@7+2:0.0425531914893617=$%118@7+2:0.02127659574468085=$%58@8+8:0.02127659574468085=$%35@2+1:0.02127659574468085=$%398@8+8:0.02127659574468085=$%472@7+2:0.02127659574468085=$%
319,4,11,86@9+0:0.19148936170212766=$%56@7+2:0.02127659574468085=$8+8:0.02127659574468085=$%51@8+8:0.02127659574468085=$%462@7+2:0.02127659574468085=$%140@8+8:0.02127659574468085=$%54@8+8:0.02127659574468085=$7+2:0.02127659574468085=$%250@7+6:0.02127659574468085=2:0.02127659574468085=$%0@7+2:0.1276595744680851=$8+8:0.1702127659574468=$2+1:0.02127659574468085=$%437@5+5:0.02127659574468085=$%7@8+8:0.0425531914893617=$%169@8+8:0.02127659574468085=$%71@8+8:0.02127659574468085=$7+4:0.02127659574468085=$%154@8+8:0.0425531914893617=$%1@7+2:0.0425531914893617=$%118@7+2:0.02127659574468085=$%35@2+1:0.02127659574468085=$%398@8+8:0.02127659574468085=$%472@7+2:0.02127659574468085=$%
319,4,12,7@7+4:0.02127659574468085=$8+8:0.02127659574468085=$%56@7+2:0.02127659574468085=$8+8:0.02127659574468085=$%51@8+8:0.02127659574468085=$%462@7+2:0.02127659574468085=$%86@9+0:0.2127659574468085=$%140@8+8:0.02127659574468085=$%54@8+8:0.02127659574468085=$7+2:0.02127659574468085=$%250@7+6:0.02127659574468085=2:0.02127659574468085=$%0@7+2:0.10638297872340426=$8+8:0.14893617021276595=$2+1:0.02127659574468085=$0+4:0.02127659574468085=$%437@5+5:0.02127659574468085=$%169@8+8:0.02127659574468085=$%71@8+8:0.02127659574468085=$0+4:0.02127659574468085=$7+4:0.02127659574468085=$%189@1+6:0.02127659574468085=$%154@8+8:0.0425531914893617=$%1@7+2:0.0425531914893617=$%118@7+2:0.02127659574468085=$%398@8+8:0.02127659574468085=$%
319,4,13,7@7+4:0.021276595744680847=$8+8:0.042553191489361694=$%56@7+2:0.021276595744680847=$8+8:0.021276595744680847=$%51@8+8:0.021276595744680847=$%462@7+2:0.021276595744680847=$%86@9+0:0.17021276595744678=$%140@8+8:0.021276595744680847=$%54@8+8:0.021276595744680847=$7+2:0.021276595744680847=$%250@7+6:0.021276595744680847=2:0.021276595744680847=$%0@7+2:0.08510638297872339=$8+8:0.14893617021276592=$2+1:0.021276595744680847=$5+3:0.021276595744680847=$0+4:0.021276595744680847=$%437@5+5:0.021276595744680847=$%189@8+8:0.021276595744680847=$%169@8+8:0.021276595744680847=$%71@8+8:0.021276595744680847=$7+4:0.021276595744680847=$%154@8+8:0.042553191489361694=$%1@7+2:0.042553191489361694=$%118@7+2:0.021276595744680847=$%58@8+8:0.021276595744680847=$%398@8+8:0.021276595744680847=$%472@7+2:0.021276595744680847=$%
319,4,14,7@7+4:0.021276595744680847=$8+8:0.042553191489361694=$%56@7+2:0.021276595744680847=$8+8:0.021276595744680847=$%51@8+8:0.021276595744680847=$%462@7+2:0.021276595744680847=$%86@9+0:0.17021276595744678=$%140@8+8:0.021276595744680847=$%54@8+8:0.021276595744680847=$7+2:0.021276595744680847=$%250@7+6:0.021276595744680847=2:0.021276595744680847=$%0@7+2:0.10638297872340423=$8+8:0.14893617021276592=$2+1:0.021276595744680847=$%437@5+5:0.021276595744680847=$%189@8+8:0.021276595744680847=$%169@8+8:0.021276595744680847=$%71@8+8:0.021276595744680847=$7+4:0.042553191489361694=$0+4:0.021276595744680847=$%154@8+8:0.021276595744680847=$%1@7+2:0.042553191489361694=$%118@7+2:0.021276595744680847=$%58@8+8:0.021276595744680847=$%398@8+8:0.021276595744680847=$%472@7+2:0.021276595744680847=$%
319,4,15,7@7+4:0.02127659574468085=$8+8:0.02127659574468085=$%86@9+0:0.2127659574468085=$%51@8+8:0.02127659574468085=$%462@7+2:0.02127659574468085=$%140@8+8:0.02127659574468085=$%54@8+8:0.02127659574468085=$7+2:0.02127659574468085=$%250@7+6:0.02127659574468085=2:0.02127659574468085=$%0@7+2:0.10638297872340426=$8+8:0.14893617021276595=$2+1:0.02127659574468085=$%437@5+5:0.02127659574468085=$%189@8+8:0.02127659574468085=$%169@8+8:0.02127659574468085=$%71@8+8:0.02127659574468085=$7+4:0.0425531914893617=$4+1:0.02127659574468085=$%154@8+8:0.02127659574468085=$%1@7+2:0.0425531914893617=$%118@7+2:0.02127659574468085=$%58@8+8:0.02127659574468085=$%398@8+8:0.02127659574468085=$%472@7+2:0.02127659574468085=$%56@8+8:0.02127659574468085=$%
319,4,16,7@7+4:0.02127659574468085=$8+8:0.02127659574468085=$%86@9+0:0.44680851063829785=$%51@8+8:0.02127659574468085=$%462@7+2:0.02127659574468085=$%0@6+0:0.02127659574468085=$7+2:0.0851063829787234=$8+8:0.0425531914893617=$%140@8+8:0.02127659574468085=$%250@7+6:0.02127659574468085=2:0.02127659574468085=$%189@1+6:0.02127659574468085=$%169@8+8:0.02127659574468085=$%154@8+8:0.02127659574468085=$%71@7+4:0.0425531914893617=$4+1:0.02127659574468085=$%1@7+2:0.0425531914893617=$%21@2+1:0.02127659574468085=$%118@7+2:0.02127659574468085=$%54@7+2:0.02127659574468085=$%398@8+8:0.02127659574468085=$%
319,4,17,7@7+4:0.02127659574468085=$%86@9+0:0.6595744680851063=$%20@1+6:0.02127659574468085=$%250@7+6:0.02127659574468085=2:0.02127659574468085=$%0@7+2:0.0851063829787234=$5+3:0.02127659574468085=$%189@1+6:0.02127659574468085=$%23@2+1:0.02127659574468085=$%1@7+2:0.0425531914893617=$%21@2+1:0.02127659574468085=$%118@7+2:0.02127659574468085=$%71@7+4:0.02127659574468085=$%
319,4,18,7@7+4:0.02127659574468085=$%86@9+0:0.851063829787234=$%0@7+2:0.0425531914893617=$%4@4+1:0.02127659574468085=$%51@6+0:0.02127659574468085=$%118@7+2:0.02127659574468085=$%71@7+4:0.02127659574468085=$%
319,4,19,7@7+4:0.021276595744680847=$%86@9+0:0.8723404255319147=$%35@6+0:0.021276595744680847=$%200@6+0:0.021276595744680847=$%118@7+2:0.021276595744680847=$%437@1+6:0.021276595744680847=$%71@7+4:0.021276595744680847=$%
319,4,20,86@9+0:0.9361702127659575=$%35@6+0:0.02127659574468085=$%200@6+0:0.02127659574468085=$%71@7+4:0.02127659574468085=$%
319,4,21,86@9+0:0.9574468085106383=$%35@6+0:0.02127659574468085=$%200@6+0:0.02127659574468085=$%
319,4,22,86@9+0:0.9787234042553191=$%200@6+0:0.02127659574468085=$%
319,4,23,86@9+0:1.0=$%
319,5,0,86@9+0:1.0=$%
319,5,1,86@9+0:1.0=$%
319,5,2,86@9+0:1.0=$%
319,5,3,86@9+0:1.0=$%
319,5,4,86@9+0:1.0=$%
319,5,5,86@9+0:1.0=$%
319,5,6,86@9+0:1.0=$%
319,5,7,250@1+6:0.021276595744680847=$%86@9+0:0.6382978723404255=$%7@5+3:0.021276595744680847=$%0@3+15:0.021276595744680847=$2+1:0.021276595744680847=$6+0:0.021276595744680847=$%362@6+0:0.021276595744680847=$%23@3+15:0.08510638297872339=$%35@3+15:0.021276595744680847=$1+6:0.021276595744680847=$%71@2+1:0.021276595744680847=$1+6:0.021276595744680847=$0+4:0.042553191489361694=$%277@6+0:0.021276595744680847=$%
319,5,8,86@9+0:0.6808510638297871=$%0@1+6:0.042553191489361694=$0+4:0.021276595744680847=$2+1:0.021276595744680847=$%23@3+15:0.021276595744680847=$%191@4+7:0.021276595744680847=$%54@5+5:0.021276595744680847=$%140@1+6:0.021276595744680847=$%71@0+4:0.021276595744680847=$2+1:0.021276595744680847=$%35@1+6:0.021276595744680847=$%276@6+0:0.021276595744680847=$%34@1+6:0.021276595744680847=$%4@1+6:0.021276595744680847=$%189@1+6:0.021276595744680847=$%
319,5,9,189@6+0:0.021276595744680847=$%1@4+1:0.021276595744680847=$%55@3+15:0.021276595744680847=$%86@9+0:0.6170212765957446=$%35@3+15:0.021276595744680847=$%0@3+15:0.042553191489361694=$0+4:0.021276595744680847=$1+6:0.021276595744680847=$6+0:0.021276595744680847=$2+1:0.021276595744680847=$%15@1+6:0.021276595744680847=$%53@0+4:0.021276595744680847=$%71@0+4:0.021276595744680847=$2+1:0.042553191489361694=$1+6:0.021276595744680847=$%191@4+7:0.021276595744680847=$%7@1+6:0.021276595744680847=$%
319,5,10,86@9+0:0.5106382978723403=$%189@3+15:0.021276595744680847=$%71@0+4:0.021276595744680847=$4+1:0.042553191489361694=$%1@5+3:0.042553191489361694=$%35@3+15:0.021276595744680847=$%55@1+6:0.021276595744680847=$%0@6+0:0.042553191489361694=$5+3:0.042553191489361694=5:0.021276595744680847=$2+1:0.021276595744680847=$3+15:0.021276595744680847=$%140@5+3:0.021276595744680847=$%7@0+4:0.021276595744680847=$%12@6+0:0.021276595744680847=$%23@3+15:0.021276595744680847=$%54@1+6:0.021276595744680847=$%4@1+6:0.021276595744680847=$%132@5+3:0.021276595744680847=$%15@3+15:0.021276595744680847=$%
319,5,11,189@3+15:0.021276595744680847=$0+4:0.021276595744680847=$%86@9+0:0.7446808510638296=$%54@2+1:0.021276595744680847=$%7@3+15:0.021276595744680847=$%0@1+6:0.021276595744680847=$6+0:0.021276595744680847=$4+1:0.021276595744680847=$%71@0+4:0.021276595744680847=$%35@1+6:0.021276595744680847=$%169@2+10:0.021276595744680847=$%277@6+0:0.021276595744680847=$%53@6+0:0.021276595744680847=$%
319,5,12,86@9+0:0.6382978723404255=$%53@1+6:0.021276595744680847=$%398@4+1:0.021276595744680847=$%54@1+6:0.021276595744680847=$%71@2+1:0.021276595744680847=$4+1:0.021276595744680847=$0+4:0.042553191489361694=$%141@6+0:0.021276595744680847=$%140@0+4:0.021276595744680847=$%519@4+1:0.021276595744680847=$%0@2+1:0.021276595744680847=$6+0:0.021276595744680847=$5+5:0.021276595744680847=3:0.021276595744680847=$%169@2+10:0.021276595744680847=$%277@6+0:0.021276595744680847=$%7@5+3:0.021276595744680847=$%
319,5,13,35@5+3:0.021276595744680847=$%86@9+0:0.829787234042553=$%367@6+0:0.021276595744680847=$%440@5+3:0.021276595744680847=$%418@6+0:0.021276595744680847=$%179@4+1:0.021276595744680847=$%0@1+6:0.021276595744680847=$%250@0+4:0.021276595744680847=$%71@4+1:0.021276595744680847=$%
319,5,14,86@9+0:0.7872340425531913=$%71@1+6:0.021276595744680847=$0+4:0.042553191489361694=$2+1:0.021276595744680847=$%1@1+6:0.021276595744680847=$%29@5+3:0.021276595744680847=$%34@5+3:0.021276595744680847=$%519@2+1:0.021276595744680847=$%42@4+1:0.021276595744680847=$%0@1+6:0.021276595744680847=$%
319,5,15,86@9+0:0.9787234042553191=$%35@5+5:0.02127659574468085=$%
319,5,16,86@9+0:0.9361702127659575=$%663@6+0:0.02127659574468085=$%71@0+4:0.02127659574468085=$%15@1+6:0.02127659574468085=$%
319,5,17,86@9+0:1.0=$%
319,5,18,86@9+0:1.0=$%
319,5,19,86@9+0:1.0=$%
319,5,20,86@9+0:1.0=$%
319,5,21,86@9+0:1.0=$%
319,5,22,86@9+0:1.0=$%
319,5,23,86@9+0:1.0=$%
319,6,0,86@9+0:1.0=$%
319,6,1,86@9+0:1.0=$%
319,6,2,86@9+0:1.0=$%
319,6,3,86@9+0:1.0=$%
319,6,4,86@9+0:1.0=$%
319,6,5,86@9+0:1.0=$%
319,6,6,86@9+0:1.0=$%
319,6,7,86@9+0:0.7872340425531913=$%440@5+3:0.021276595744680847=$%23@3+15:0.021276595744680847=$4+1:0.021276595744680847=$%58@2+1:0.021276595744680847=$%0@5+3:0.021276595744680847=$%132@5+3:0.021276595744680847=$%472@6+0:0.021276595744680847=$%71@6+0:0.021276595744680847=$4+1:0.021276595744680847=$%189@1+6:0.021276595744680847=$%
319,6,8,35@3+15:0.021276595744680847=$%86@9+0:0.6808510638297871=$%71@0+4:0.021276595744680847=$%7@3+15:0.021276595744680847=$%336@5+3:0.042553191489361694=$%92@5+3:0.021276595744680847=$%12@5+5:0.021276595744680847=$%0@0+4:0.021276595744680847=$1+6:0.042553191489361694=$%13@4+1:0.021276595744680847=$%29@0+4:0.021276595744680847=$%58@3+15:0.021276595744680847=$%154@4+1:0.021276595744680847=$%79@4+1:0.021276595744680847=$%
319,6,9,86@9+0:0.6170212765957446=$%23@3+15:0.06382978723404253=$%0@1+6:0.021276595744680847=$6+0:0.042553191489361694=$2+1:0.021276595744680847=$%154@3+15:0.021276595744680847=$%35@3+15:0.021276595744680847=$%71@2+1:0.021276595744680847=$0+4:0.042553191489361694=$1+6:0.021276595744680847=$%230@4+1:0.021276595744680847=$%250@1+6:0.021276595744680847=$%344@1+6:0.021276595744680847=$%7@6+0:0.021276595744680847=$%53@1+6:0.021276595744680847=$%
319,6,10,23@3+15:0.021276595744680847=$%71@0+4:0.042553191489361694=$2+1:0.021276595744680847=$5+3:0.021276595744680847=$4+1:0.021276595744680847=$%0@2+1:0.021276595744680847=13:0.021276595744680847=$%276@5+3:0.021276595744680847=$%86@9+0:0.5744680851063829=$%12@6+0:0.021276595744680847=$%20@6+0:0.021276595744680847=$5+3:0.021276595744680847=$%53@6+0:0.021276595744680847=$%7@1+6:0.021276595744680847=$%54@6+0:0.021276595744680847=$5+3:0.021276595744680847=$%55@1+6:0.021276595744680847=$%154@6+0:0.021276595744680847=$%169@2+10:0.021276595744680847=$%189@2+1:0.021276595744680847=$%
319,6,11,86@9+0:0.6808510638297871=$%20@1+6:0.021276595744680847=$%71@4+1:0.021276595744680847=$1+6:0.021276595744680847=$%56@2+1:0.021276595744680847=$6+0:0.021276595744680847=$%31@6+0:0.021276595744680847=$%35@3+15:0.021276595744680847=$%7@6+0:0.021276595744680847=$%0@1+6:0.042553191489361694=$6+0:0.021276595744680847=$3+15:0.021276595744680847=$4+1:0.021276595744680847=$%23@3+15:0.021276595744680847=$%387@6+0:0.021276595744680847=$%
319,6,12,440@2+1:0.02127659574468085=$%23@3+15:0.0425531914893617=$%19@5+3:0.02127659574468085=$%71@2+1:0.02127659574468085=$4+1:0.02127659574468085=$0+4:0.02127659574468085=$%20@1+6:0.0425531914893617=$%86@9+0:0.6808510638297872=$%54@6+0:0.02127659574468085=$%367@5+3:0.02127659574468085=$%35@1+6:0.0425531914893617=$%42@6+0:0.02127659574468085=$%138@5+3:0.02127659574468085=$%
319,6,13,86@9+0:0.7872340425531913=$%169@4+1:0.021276595744680847=$2+10:0.021276595744680847=$%0@1+6:0.021276595744680847=$0+4:0.021276595744680847=$3+15:0.021276595744680847=$4+1:0.021276595744680847=$%7@6+0:0.042553191489361694=$%189@5+3:0.021276595744680847=$%250@6+0:0.021276595744680847=$%
319,6,14,277@4+1:0.02127659574468085=$%86@9+0:0.7872340425531915=$%71@4+1:0.0425531914893617=$5+3:0.02127659574468085=$0+4:0.02127659574468085=$%19@5+5:0.02127659574468085=$%23@3+15:0.0425531914893617=$%35@3+15:0.02127659574468085=$%0@2+1:0.02127659574468085=$%
319,6,15,86@9+0:0.9361702127659575=$%7@1+6:0.02127659574468085=$%0@3+15:0.02127659574468085=$0+4:0.02127659574468085=$%
319,6,16,86@9+0:0.9361702127659575=$%0@1+6:0.02127659574468085=$5+3:0.02127659574468085=$%34@0+4:0.02127659574468085=$%
319,6,17,86@9+0:1.0=$%
319,6,18,86@9+0:1.0=$%
319,6,19,86@9+0:1.0=$%
319,6,20,86@9+0:1.0=$%
319,6,21,86@9+0:1.0=$%
319,6,22,86@9+0:1.0=$%
319,6,23,86@9+0:1.0=$%
320,0,0,86@9+0:1.0=$%
320,0,1,86@9+0:1.0=$%
320,0,2,86@9+0:1.0=$%
320,0,3,86@9+0:1.0=$%
320,0,4,86@9+0:1.0=$%
320,0,5,86@9+0:1.0=$%
320,0,6,86@9+0:1.0=$%
320,0,7,86@9+0:0.9743589743589743=$%53@5+5:0.02564102564102564=$%
320,0,8,86@9+0:0.8205128205128205=$%59@6+0:0.02564102564102564=$%0@1+6:0.05128205128205128=$%56@7+2:0.02564102564102564=$%34@5+3:0.02564102564102564=$%35@5+3:0.02564102564102564=$%53@5+5:0.02564102564102564=$%
320,0,9,20@6+0:0.025641025641025633=$%86@9+0:0.6153846153846153=$%1@1+6:0.025641025641025633=$%56@7+2:0.051282051282051266=$%59@6+0:0.025641025641025633=$%71@1+6:0.07692307692307691=$%258@1+6:0.025641025641025633=$%112@5+3:0.025641025641025633=$%4@6+0:0.025641025641025633=$%0@1+6:0.051282051282051266=$%140@5+3:0.025641025641025633=$%53@5+3:0.025641025641025633=$%
320,0,10,20@6+0:0.025641025641025633=$1+6:0.025641025641025633=$%86@9+0:0.5384615384615383=$%35@5+3:0.025641025641025633=$%56@7+2:0.051282051282051266=$%59@6+0:0.025641025641025633=$%55@1+6:0.025641025641025633=$%1@2+1:0.025641025641025633=$1+6:0.025641025641025633=$%258@1+6:0.025641025641025633=$%0@1+6:0.07692307692307691=$%112@5+3:0.025641025641025633=$%29@5+3:0.025641025641025633=$%4@6+0:0.025641025641025633=$%53@1+6:0.025641025641025633=$%428@5+3:0.025641025641025633=$%
320,0,11,20@6+0:0.02564102564102564=$%86@9+0:0.8205128205128205=$%56@7+2:0.02564102564102564=$%1@1+6:0.02564102564102564=$%59@6+0:0.02564102564102564=$%0@1+6:0.02564102564102564=$7+2:0.02564102564102564=$%428@5+3:0.02564102564102564=$%
320,0,12,20@6+0:0.02564102564102564=$%86@9+0:0.8717948717948718=$%54@6+0:0.02564102564102564=$%35@5+5:0.02564102564102564=$%0@6+0:0.02564102564102564=$7+2:0.02564102564102564=$%
320,0,13,20@6+0:0.025641025641025633=$%86@9+0:0.7179487179487178=$%71@0+4:0.025641025641025633=$%35@2+1:0.025641025641025633=$5+5:0.025641025641025633=$%0@5+3:0.025641025641025633=$2+1:0.025641025641025633=$6+0:0.025641025641025633=$7+2:0.025641025641025633=$%54@2+1:0.025641025641025633=$%7@2+1:0.025641025641025633=$%56@1+6:0.025641025641025633=$%
320,0,14,20@6+0:0.025641025641025633=$%86@9+0:0.5897435897435896=$%154@6+0:0.025641025641025633=$%56@7+2:0.025641025641025633=$%71@0+4:0.025641025641025633=$%5@6+0:0.025641025641025633=$%35@2+1:0.025641025641025633=$1+6:0.025641025641025633=$%65@5+3:0.025641025641025633=$%54@2+1:0.025641025641025633=$%0@6+0:0.051282051282051266=$2+1:0.025641025641025633=$%138@1+6:0.025641025641025633=$%7@2+1:0.025641025641025633=$%277@2+1:0.025641025641025633=$%484@6+0:0.025641025641025633=$%
320,0,15,20@6+0:0.025641025641025633=$%7@2+1:0.051282051282051266=$%154@6+0:0.025641025641025633=$%86@9+0:0.5128205128205127=$%56@7+2:0.025641025641025633=$%71@0+4:0.025641025641025633=$%5@6+0:0.025641025641025633=$%35@2+1:0.025641025641025633=$%65@5+3:0.025641025641025633=$%1@6+0:0.025641025641025633=$1+6:0.051282051282051266=$%0@6+0:0.025641025641025633=$2+1:0.025641025641025633=$%437@5+3:0.025641025641025633=$%138@1+6:0.025641025641025633=$%277@2+1:0.025641025641025633=$%53@1+6:0.025641025641025633=$%484@6+0:0.025641025641025633=$%
320,0,16,86@9+0:0.5897435897435896=$%56@7+2:0.025641025641025633=$%5@6+0:0.025641025641025633=$%140@1+6:0.025641025641025633=$%35@2+1:0.025641025641025633=$%0@5+3:0.025641025641025633=5:0.025641025641025633=$6+0:0.025641025641025633=$2+1:0.025641025641025633=$%1@6+0:0.025641025641025633=$1+6:0.025641025641025633=$%138@1+6:0.025641025641025633=$%7@2+1:0.025641025641025633=$5+5:0.025641025641025633=$%277@2+1:0.025641025641025633=$%484@6+0:0.025641025641025633=$%55@5+3:0.025641025641025633=$%
320,0,17,86@9+0:0.8461538461538461=$%55@1+6:0.02564102564102564=$%5@6+0:0.02564102564102564=$%1@6+0:0.02564102564102564=$%4@1+6:0.02564102564102564=$%519@6+0:0.02564102564102564=$%7@5+5:0.02564102564102564=$%
320,0,18,86@9+0:0.8974358974358975=$%55@1+6:0.02564102564102564=$%1@6+0:0.02564102564102564=$%7@1+6:0.02564102564102564=$5+5:0.02564102564102564=$%
320,0,19,86@9+0:1.0=$%
320,0,20,86@9+0:1.0=$%
320,0,21,86@9+0:1.0=$%
320,0,22,86@9+0:1.0=$%
320,0,23,86@9+0:1.0=$%
320,1,0,86@9+0:0.9487179487179487=$%59@2+1:0.02564102564102564=$%344@1+6:0.02564102564102564=$%
320,1,1,86@9+0:0.9487179487179487=$%59@2+1:0.02564102564102564=$%344@1+6:0.02564102564102564=$%
320,1,2,86@9+0:0.9487179487179487=$%59@2+1:0.02564102564102564=$%344@1+6:0.02564102564102564=$%
320,1,3,86@9+0:0.9487179487179487=$%59@2+1:0.02564102564102564=$%344@1+6:0.02564102564102564=$%
320,1,4,86@9+0:0.9487179487179487=$%59@2+1:0.02564102564102564=$%344@1+6:0.02564102564102564=$%
320,1,5,86@9+0:0.9487179487179487=$%59@2+1:0.02564102564102564=$%344@1+6:0.02564102564102564=$%
320,1,6,86@9+0:0.9230769230769231=$%59@2+1:0.02564102564102564=$%344@1+6:0.02564102564102564=$%0@1+6:0.02564102564102564=$%
320,1,7,86@9+0:0.9230769230769231=$%59@2+1:0.02564102564102564=$%0@5+3:0.02564102564102564=$%344@1+6:0.02564102564102564=$%
320,1,8,86@9+0:0.7179487179487178=$%437@2+1:0.025641025641025633=$%59@2+1:0.025641025641025633=$%0@5+3:0.025641025641025633=$1+6:0.025641025641025633=$%344@1+6:0.025641025641025633=$%71@1+6:0.051282051282051266=$%35@5+3:0.025641025641025633=$%55@1+6:0.025641025641025633=$%103@6+0:0.025641025641025633=$%189@1+6:0.025641025641025633=$%
320,1,9,86@9+0:0.641025641025641=$%59@2+1:0.025641025641025633=$%71@1+6:0.051282051282051266=$%337@5+3:0.025641025641025633=$%344@1+6:0.025641025641025633=$%140@1+6:0.051282051282051266=$%154@1+6:0.025641025641025633=$%0@1+6:0.07692307692307691=$%53@1+6:0.025641025641025633=$%103@6+0:0.025641025641025633=$%7@1+6:0.025641025641025633=$%
320,1,10,86@9+0:0.6923076923076923=$%472@1+6:0.05128205128205128=$%0@1+6:0.07692307692307693=$%59@2+1:0.02564102564102564=$%53@1+6:0.02564102564102564=$%7@5+3:0.02564102564102564=$%35@1+6:0.05128205128205128=$%542@6+0:0.02564102564102564=$%4@1+6:0.02564102564102564=$%
320,1,11,86@9+0:0.769230769230769=$%472@1+6:0.025641025641025633=$%59@2+1:0.025641025641025633=$%140@1+6:0.025641025641025633=$%7@5+3:0.025641025641025633=$%35@1+6:0.051282051282051266=$%0@1+6:0.051282051282051266=$%138@6+0:0.025641025641025633=$%
320,1,12,86@9+0:0.8717948717948718=$%59@2+1:0.02564102564102564=$%35@5+3:0.02564102564102564=$%0@0+4:0.02564102564102564=$1+6:0.02564102564102564=$%138@6+0:0.02564102564102564=$%
320,1,13,86@9+0:0.8205128205128205=$%59@2+1:0.02564102564102564=$%71@2+1:0.02564102564102564=$%336@6+0:0.02564102564102564=$%0@1+6:0.05128205128205128=$%167@6+0:0.02564102564102564=$%138@6+0:0.02564102564102564=$%
320,1,14,7@1+6:0.025641025641025633=$%86@9+0:0.641025641025641=$%59@2+1:0.025641025641025633=$%71@2+1:0.025641025641025633=$1+6:0.025641025641025633=$%0@2+1:0.051282051282051266=$1+6:0.025641025641025633=$%367@6+0:0.025641025641025633=$%1@1+6:0.025641025641025633=$%189@5+3:0.025641025641025633=$2+1:0.025641025641025633=$%167@6+0:0.025641025641025633=$%138@6+0:0.025641025641025633=$%140@2+1:0.025641025641025633=$%
320,1,15,86@9+0:0.6153846153846153=$%472@1+6:0.025641025641025633=$%59@2+1:0.025641025641025633=$%71@2+1:0.025641025641025633=$1+6:0.025641025641025633=$%440@5+3:0.025641025641025633=$%0@2+1:0.051282051282051266=$1+6:0.025641025641025633=$%367@6+0:0.025641025641025633=$%189@6+0:0.025641025641025633=$2+1:0.025641025641025633=$%169@2+10:0.025641025641025633=$%167@6+0:0.025641025641025633=$%277@6+0:0.025641025641025633=$%140@2+1:0.025641025641025633=$%
320,1,16,86@9+0:0.564102564102564=$%0@1+6:0.025641025641025633=$2+1:0.051282051282051266=$%472@1+6:0.025641025641025633=$%59@2+1:0.025641025641025633=$%71@2+1:0.025641025641025633=$1+6:0.025641025641025633=$%440@5+3:0.025641025641025633=$%132@5+3:0.025641025641025633=$%367@6+0:0.025641025641025633=$%138@6+0:0.025641025641025633=$%189@6+0:0.025641025641025633=$2+1:0.025641025641025633=$%169@2+10:0.025641025641025633=$%140@6+0:0.025641025641025633=$2+1:0.025641025641025633=$%277@6+0:0.025641025641025633=$%
320,1,17,86@9+0:0.769230769230769=$%59@2+1:0.025641025641025633=$%132@5+3:0.025641025641025633=$%0@2+1:0.025641025641025633=$%71@1+6:0.025641025641025633=$%367@6+0:0.025641025641025633=$%138@6+0:0.025641025641025633=$%169@2+10:0.025641025641025633=$%140@6+0:0.025641025641025633=$%277@6+0:0.025641025641025633=$%
320,1,18,86@9+0:0.8717948717948718=$%59@2+1:0.02564102564102564=$%132@5+3:0.02564102564102564=$%0@2+1:0.02564102564102564=$%13@1+6:0.02564102564102564=$%387@1+6:0.02564102564102564=$%
320,1,19,86@9+0:0.9487179487179487=$%0@1+6:0.02564102564102564=$6+0:0.02564102564102564=$%
320,1,20,86@9+0:0.9743589743589743=$%0@6+0:0.02564102564102564=$%
320,1,21,86@9+0:0.9743589743589743=$%0@6+0:0.02564102564102564=$%
320,1,22,86@9+0:0.9743589743589743=$%0@6+0:0.02564102564102564=$%
320,1,23,86@9+0:1.0=$%
320,2,0,86@9+0:1.0=$%
320,2,1,86@9+0:1.0=$%
320,2,2,86@9+0:1.0=$%
320,2,3,86@9+0:1.0=$%
320,2,4,86@9+0:1.0=$%
320,2,5,86@9+0:0.9743589743589743=$%140@2+1:0.02564102564102564=$%
320,2,6,86@9+0:0.9487179487179487=$%140@2+1:0.02564102564102564=$%169@1+6:0.02564102564102564=$%
320,2,7,86@9+0:0.9487179487179487=$%140@2+1:0.02564102564102564=$%0@1+6:0.02564102564102564=$%
320,2,8,86@9+0:0.8974358974358975=$%140@2+1:0.02564102564102564=$%0@1+6:0.05128205128205128=$%7@5+3:0.02564102564102564=$%
320,2,9,86@9+0:0.7435897435897435=$%53@1+6:0.025641025641025633=$5+3:0.025641025641025633=$%140@2+1:0.025641025641025633=$%7@1+6:0.025641025641025633=$5+3:0.025641025641025633=$%0@1+6:0.051282051282051266=$%371@2+1:0.025641025641025633=$%189@2+1:0.025641025641025633=$%71@1+6:0.025641025641025633=$%
320,2,10,86@9+0:0.6666666666666666=$%7@1+6:0.05128205128205128=$%4@1+6:0.02564102564102564=$%0@1+6:0.07692307692307693=$%140@2+1:0.02564102564102564=$%250@1+6:0.02564102564102564=$%5@1+6:0.02564102564102564=$%371@2+1:0.02564102564102564=$%189@2+1:0.02564102564102564=$%20@1+6:0.02564102564102564=$%440@5+3:0.02564102564102564=$%
320,2,11,86@9+0:0.8461538461538461=$%0@1+6:0.05128205128205128=$%53@1+6:0.02564102564102564=$%371@2+1:0.02564102564102564=$%189@2+1:0.02564102564102564=$%1@5+11:0.02564102564102564=$%
320,2,12,86@9+0:0.8974358974358975=$%4@1+6:0.02564102564102564=$%0@1+6:0.05128205128205128=$5+5:0.02564102564102564=$%
320,2,13,7@2+1:0.02564102564102564=$%86@9+0:0.7948717948717948=$%388@6+0:0.02564102564102564=$%4@1+6:0.02564102564102564=$%287@2+1:0.02564102564102564=$%0@1+6:0.05128205128205128=$5+5:0.02564102564102564=$%71@0+4:0.02564102564102564=$%
320,2,14,7@2+1:0.025641025641025633=$1+6:0.051282051282051266=$%440@5+3:0.025641025641025633=$%86@9+0:0.6153846153846153=$%1@1+6:0.025641025641025633=$%388@6+0:0.025641025641025633=$%250@1+6:0.025641025641025633=$%4@1+6:0.025641025641025633=$%287@2+1:0.025641025641025633=$%71@1+6:0.025641025641025633=$0+4:0.025641025641025633=$%0@1+6:0.025641025641025633=$2+1:0.025641025641025633=$%26@5+3:0.025641025641025633=$%35@5+3:0.025641025641025633=$%
320,2,15,7@2+1:0.02564102564102564=$1+6:0.05128205128205128=$%162@5+3:0.02564102564102564=$%92@6+0:0.02564102564102564=$%1@1+6:0.02564102564102564=$%388@6+0:0.02564102564102564=$%71@1+6:0.02564102564102564=$0+4:0.02564102564102564=$%86@9+0:0.5641025641025641=$%440@5+3:0.02564102564102564=$%287@2+1:0.02564102564102564=$%437@1+6:0.02564102564102564=$%0@2+1:0.07692307692307693=$%26@5+3:0.02564102564102564=$%20@1+6:0.02564102564102564=$%
320,2,16,7@2+1:0.025641025641025633=$1+6:0.025641025641025633=$%162@5+3:0.025641025641025633=$%92@6+0:0.025641025641025633=$%86@9+0:0.6153846153846153=$%388@6+0:0.025641025641025633=$%287@2+1:0.025641025641025633=$%71@0+4:0.051282051282051266=$1+6:0.025641025641025633=$%103@1+6:0.025641025641025633=$%0@2+1:0.07692307692307691=$6+0:0.025641025641025633=$5+5:0.025641025641025633=$%
320,2,17,71@2+1:0.02564102564102564=$0+4:0.02564102564102564=$%0@1+6:0.02564102564102564=$6+0:0.02564102564102564=$2+1:0.05128205128205128=$5+5:0.02564102564102564=$%86@9+0:0.7692307692307693=$%103@1+6:0.02564102564102564=$%53@1+6:0.02564102564102564=$%
320,2,18,71@2+1:0.02564102564102564=$%86@9+0:0.8461538461538461=$%35@1+6:0.02564102564102564=$%189@6+0:0.02564102564102564=$%437@1+6:0.02564102564102564=$%140@6+0:0.02564102564102564=$%0@2+1:0.02564102564102564=$%
320,2,19,71@2+1:0.02564102564102564=$%86@9+0:0.9230769230769231=$%189@6+0:0.02564102564102564=$%140@6+0:0.02564102564102564=$%
320,2,20,86@9+0:0.9487179487179487=$%189@6+0:0.02564102564102564=$%140@6+0:0.02564102564102564=$%
320,2,21,86@9+0:1.0=$%
320,2,22,86@9+0:1.0=$%
320,2,23,86@9+0:1.0=$%
320,3,0,86@9+0:0.9487179487179487=$%169@5+3:0.02564102564102564=$%7@1+6:0.02564102564102564=$%
320,3,1,86@9+0:0.9487179487179487=$%169@5+3:0.02564102564102564=$%7@1+6:0.02564102564102564=$%
320,3,2,86@9+0:0.9487179487179487=$%169@5+3:0.02564102564102564=$%7@1+6:0.02564102564102564=$%
320,3,3,86@9+0:0.9487179487179487=$%169@5+3:0.02564102564102564=$%7@1+6:0.02564102564102564=$%
320,3,4,86@9+0:0.9487179487179487=$%169@5+3:0.02564102564102564=$%7@1+6:0.02564102564102564=$%
320,3,5,86@9+0:0.9487179487179487=$%169@5+3:0.02564102564102564=$%7@1+6:0.02564102564102564=$%
320,3,6,86@9+0:0.9487179487179487=$%169@5+3:0.02564102564102564=$%7@1+6:0.02564102564102564=$%
320,3,7,86@9+0:0.9487179487179487=$%169@5+3:0.02564102564102564=$%7@1+6:0.02564102564102564=$%
320,3,8,86@9+0:0.8717948717948718=$%169@5+3:0.02564102564102564=$%7@1+6:0.02564102564102564=$%71@1+6:0.05128205128205128=$%140@1+6:0.02564102564102564=$%
320,3,9,337@5+3:0.025641025641025633=$%0@7+2:0.025641025641025633=$5+5:0.025641025641025633=3:0.025641025641025633=$1+6:0.07692307692307691=$%169@5+3:0.025641025641025633=$%86@9+0:0.5384615384615383=$%35@1+6:0.025641025641025633=$%15@1+6:0.025641025641025633=$%428@1+6:0.025641025641025633=$%7@1+6:0.051282051282051266=$%1@1+6:0.025641025641025633=$%71@1+6:0.025641025641025633=$%55@1+6:0.025641025641025633=$%10@5+3:0.025641025641025633=$%54@5+3:0.025641025641025633=$%
320,3,10,86@9+0:0.641025641025641=$%0@7+2:0.025641025641025633=$6+0:0.051282051282051266=$1+6:0.025641025641025633=$%169@5+3:0.025641025641025633=$%35@1+6:0.051282051282051266=$%337@5+3:0.025641025641025633=$%7@5+3:0.025641025641025633=5:0.025641025641025633=$%54@1+6:0.025641025641025633=$%55@6+0:0.025641025641025633=$%140@1+6:0.025641025641025633=$%71@1+6:0.025641025641025633=$%
320,3,11,20@1+6:0.02564102564102564=$%0@7+2:0.02564102564102564=$1+6:0.07692307692307693=$0+4:0.02564102564102564=$%86@9+0:0.717948717948718=$%250@6+0:0.02564102564102564=$%7@5+3:0.02564102564102564=$%53@1+6:0.02564102564102564=$%5@6+0:0.02564102564102564=$%140@1+6:0.02564102564102564=$%
320,3,12,86@9+0:0.9230769230769231=$%0@7+2:0.02564102564102564=$0+4:0.02564102564102564=$%53@1+6:0.02564102564102564=$%
320,3,13,86@9+0:0.9230769230769231=$%0@7+2:0.02564102564102564=$%71@2+1:0.02564102564102564=$%29@6+0:0.02564102564102564=$%
320,3,14,86@9+0:0.8205128205128205=$%0@7+2:0.02564102564102564=$%361@6+0:0.02564102564102564=$%59@1+6:0.02564102564102564=$%34@5+3:0.02564102564102564=$%71@2+1:0.02564102564102564=$%29@6+0:0.02564102564102564=$%96@2+1:0.02564102564102564=$%
320,3,15,86@9+0:0.769230769230769=$%0@7+2:0.025641025641025633=$5+3:0.025641025641025633=$%472@6+0:0.025641025641025633=$%71@2+1:0.051282051282051266=$%29@2+1:0.025641025641025633=$6+0:0.025641025641025633=$%96@2+1:0.025641025641025633=$%92@5+3:0.025641025641025633=$%
320,3,16,35@6+0:0.02564102564102564=$5+3:0.02564102564102564=$%0@7+2:0.02564102564102564=$5+5:0.02564102564102564=3:0.02564102564102564=$6+0:0.02564102564102564=$%86@9+0:0.6923076923076923=$%162@5+3:0.02564102564102564=$%1@1+6:0.02564102564102564=$%71@2+1:0.02564102564102564=$%29@2+1:0.02564102564102564=$6+0:0.02564102564102564=$%96@2+1:0.02564102564102564=$%
320,3,17,35@6+0:0.02564102564102564=$%0@7+2:0.02564102564102564=$6+0:0.02564102564102564=$%86@9+0:0.8205128205128205=$%59@1+6:0.02564102564102564=$%54@1+6:0.02564102564102564=$6+0:0.02564102564102564=$%96@2+1:0.02564102564102564=$%
320,3,18,86@9+0:0.8974358974358975=$%0@7+2:0.02564102564102564=$%337@5+3:0.02564102564102564=$%22@6+0:0.02564102564102564=$%53@1+6:0.02564102564102564=$%
320,3,19,86@9+0:1.0=$%
320,3,20,86@9+0:1.0=$%
320,3,21,86@9+0:1.0=$%
320,3,22,86@9+0:1.0=$%
320,3,23,86@9+0:1.0=$%
320,4,0,86@9+0:1.0=$%
320,4,1,86@9+0:1.0=$%
320,4,2,86@9+0:1.0=$%
320,4,3,86@9+0:1.0=$%
320,4,4,86@9+0:1.0=$%
320,4,5,86@9+0:1.0=$%
320,4,6,86@9+0:1.0=$%
320,4,7,86@9+0:1.0=$%
320,4,8,86@9+0:0.8717948717948718=$%0@5+5:0.02564102564102564=$7+2:0.02564102564102564=$%35@5+3:0.02564102564102564=$%154@5+5:0.02564102564102564=$%12@5+3:0.02564102564102564=$%
320,4,9,86@9+0:0.8205128205128205=$%54@6+0:0.02564102564102564=$%437@2+1:0.02564102564102564=$%154@5+5:0.02564102564102564=$%4@1+6:0.02564102564102564=$%189@2+1:0.02564102564102564=$%169@1+6:0.02564102564102564=$%440@5+3:0.02564102564102564=$%
320,4,10,86@9+0:0.641025641025641=$%54@1+6:0.025641025641025633=$6+0:0.025641025641025633=$%4@1+6:0.051282051282051266=$%35@5+3:0.025641025641025633=$%12@1+6:0.025641025641025633=$%20@1+6:0.025641025641025633=$%437@2+1:0.025641025641025633=$%0@2+1:0.025641025641025633=$%71@1+6:0.025641025641025633=$%154@5+5:0.025641025641025633=$%1@1+6:0.025641025641025633=$%189@2+1:0.025641025641025633=$%140@1+6:0.025641025641025633=$%
320,4,11,86@9+0:0.6153846153846153=$%7@1+6:0.025641025641025633=$%54@6+0:0.025641025641025633=$%1@1+6:0.025641025641025633=$%92@5+3:0.025641025641025633=$%154@6+0:0.025641025641025633=$5+5:0.025641025641025633=$%437@2+1:0.025641025641025633=$%0@2+1:0.025641025641025633=$1+6:0.025641025641025633=$%71@0+4:0.025641025641025633=$1+6:0.051282051282051266=$%4@1+6:0.025641025641025633=$%189@2+1:0.025641025641025633=$%15@6+0:0.025641025641025633=$%
320,4,12,86@9+0:0.7435897435897436=$%71@0+4:0.1282051282051282=$%54@6+0:0.02564102564102564=$%92@5+3:0.02564102564102564=$%154@6+0:0.02564102564102564=$%55@1+6:0.02564102564102564=$%189@2+1:0.02564102564102564=$%
320,4,13,86@9+0:0.7692307692307693=$%54@6+0:0.02564102564102564=$%71@0+4:0.10256410256410256=$%154@6+0:0.02564102564102564=$%55@1+6:0.02564102564102564=$%189@2+1:0.02564102564102564=$%0@5+5:0.02564102564102564=$%
320,4,14,86@9+0:0.6153846153846153=$%54@6+0:0.025641025641025633=$2+1:0.025641025641025633=$%71@0+4:0.051282051282051266=$2+1:0.051282051282051266=$%154@6+0:0.025641025641025633=$%462@2+1:0.025641025641025633=$%7@1+6:0.051282051282051266=$%0@2+1:0.051282051282051266=$6+0:0.025641025641025633=$%189@2+1:0.025641025641025633=$%167@6+0:0.025641025641025633=$%
320,4,15,86@9+0:0.5897435897435896=$%34@5+3:0.025641025641025633=$%54@6+0:0.051282051282051266=$2+1:0.025641025641025633=$%71@0+4:0.051282051282051266=$2+1:0.051282051282051266=$%7@1+6:0.025641025641025633=$%154@6+0:0.025641025641025633=$%1@5+3:0.025641025641025633=$%0@2+1:0.051282051282051266=$6+0:0.025641025641025633=$%189@2+1:0.025641025641025633=$%167@6+0:0.025641025641025633=$%
320,4,16,7@5+5:0.025641025641025633=$%86@9+0:0.6666666666666665=$%34@5+3:0.025641025641025633=$%54@6+0:0.07692307692307691=$%154@6+0:0.025641025641025633=$%71@2+1:0.051282051282051266=$%1@5+3:0.025641025641025633=$%0@6+0:0.025641025641025633=$7+2:0.025641025641025633=$%189@1+6:0.025641025641025633=$%167@6+0:0.025641025641025633=$%
320,4,17,7@5+5:0.025641025641025633=$%86@9+0:0.7179487179487178=$%1@1+6:0.025641025641025633=$%54@6+0:0.051282051282051266=$%154@6+0:0.025641025641025633=$%0@1+6:0.051282051282051266=$6+0:0.025641025641025633=$%71@2+1:0.025641025641025633=$%189@1+6:0.025641025641025633=$%20@6+0:0.025641025641025633=$%
320,4,18,86@9+0:0.8974358974358975=$%7@6+0:0.02564102564102564=$%154@6+0:0.02564102564102564=$%0@6+0:0.02564102564102564=$%20@6+0:0.02564102564102564=$%
320,4,19,86@9+0:0.8717948717948718=$%71@2+1:0.02564102564102564=$%154@6+0:0.02564102564102564=$%35@5+3:0.02564102564102564=$%0@6+0:0.02564102564102564=$%20@6+0:0.02564102564102564=$%
320,4,20,86@9+0:0.9230769230769231=$%35@5+3:0.02564102564102564=$%0@6+0:0.02564102564102564=$%20@6+0:0.02564102564102564=$%
320,4,21,86@9+0:0.9743589743589743=$%35@5+3:0.02564102564102564=$%
320,4,22,86@9+0:0.9743589743589743=$%35@5+3:0.02564102564102564=$%
320,4,23,86@9+0:1.0=$%
320,5,0,86@9+0:1.0=$%
320,5,1,86@9+0:1.0=$%
320,5,2,86@9+0:1.0=$%
320,5,3,86@9+0:1.0=$%
320,5,4,86@9+0:1.0=$%
320,5,5,86@9+0:1.0=$%
320,5,6,86@9+0:1.0=$%
320,5,7,86@9+0:0.8205128205128205=$%189@5+3:0.02564102564102564=$%147@6+0:0.02564102564102564=$%71@2+1:0.02564102564102564=$%0@5+3:0.02564102564102564=$3+15:0.02564102564102564=$%1@6+0:0.02564102564102564=$%35@1+6:0.02564102564102564=$%
320,5,8,440@5+3:0.025641025641025633=$%277@6+0:0.025641025641025633=$%35@4+1:0.025641025641025633=$%86@9+0:0.769230769230769=$%0@5+5:0.025641025641025633=$2+1:0.025641025641025633=$%59@6+0:0.025641025641025633=$%71@0+4:0.025641025641025633=$%5@6+0:0.025641025641025633=$%55@3+15:0.025641025641025633=$%
320,5,9,86@9+0:0.7948717948717948=$%0@1+6:0.02564102564102564=$4+1:0.02564102564102564=$%140@2+1:0.02564102564102564=$%35@3+15:0.02564102564102564=$%23@3+15:0.02564102564102564=$%55@6+0:0.02564102564102564=$5+5:0.02564102564102564=$%250@2+1:0.02564102564102564=$%
320,5,10,86@9+0:0.6153846153846153=$%154@3+15:0.051282051282051266=$%23@3+15:0.051282051282051266=$%71@0+4:0.025641025641025633=$%12@2+1:0.025641025641025633=$%169@2+10:0.025641025641025633=$%0@2+1:0.025641025641025633=$1+6:0.025641025641025633=$5+3:0.025641025641025633=$%7@6+0:0.025641025641025633=$1+6:0.025641025641025633=$%53@6+0:0.025641025641025633=$%35@5+3:0.025641025641025633=$%65@5+3:0.025641025641025633=$%
320,5,11,86@9+0:1.0=$%
320,5,12,86@9+0:1.0=$%
320,5,13,86@9+0:1.0=$%
320,5,14,86@9+0:1.0=$%
320,5,15,86@9+0:1.0=$%
320,5,16,86@9+0:1.0=$%
320,5,17,86@9+0:1.0=$%
320,5,18,86@9+0:1.0=$%
320,5,19,86@9+0:1.0=$%
320,5,20,86@9+0:1.0=$%
320,5,21,86@9+0:1.0=$%
320,5,22,86@9+0:1.0=$%
320,5,23,86@9+0:1.0=$%
320,6,0,86@9+0:1.0=$%
320,6,1,86@9+0:1.0=$%
320,6,2,86@9+0:1.0=$%
320,6,3,86@9+0:1.0=$%
320,6,4,86@9+0:1.0=$%
320,6,5,86@9+0:1.0=$%
320,6,6,86@9+0:1.0=$%
320,6,7,86@9+0:0.8205128205128205=$%59@6+0:0.02564102564102564=$%0@0+4:0.02564102564102564=$5+3:0.02564102564102564=$4+1:0.02564102564102564=$%35@6+0:0.02564102564102564=$%184@6+0:0.02564102564102564=$%367@5+3:0.02564102564102564=$%
320,6,8,26@5+3:0.025641025641025633=$%86@9+0:0.7435897435897435=$%472@1+6:0.025641025641025633=$%20@6+0:0.025641025641025633=$%0@1+6:0.025641025641025633=$5+5:0.025641025641025633=$3+15:0.025641025641025633=$%406@1+6:0.025641025641025633=$%35@5+3:0.025641025641025633=$%23@3+15:0.025641025641025633=$%4@1+6:0.025641025641025633=$%
320,6,9,86@9+0:0.8717948717948718=$%0@6+0:0.05128205128205128=$%34@5+3:0.02564102564102564=$%1@1+6:0.02564102564102564=$%118@2+1:0.02564102564102564=$%
320,6,10,86@9+0:0.564102564102564=$%154@6+0:0.025641025641025633=$5+5:0.025641025641025633=$%0@5+3:0.025641025641025633=$6+0:0.051282051282051266=$2+1:0.025641025641025633=$3+15:0.025641025641025633=$%101@5+3:0.025641025641025633=$%169@6+0:0.025641025641025633=$%23@3+15:0.051282051282051266=$%1@5+3:0.025641025641025633=$%35@4+1:0.025641025641025633=$5+3:0.025641025641025633=$%277@2+1:0.025641025641025633=$%71@0+4:0.025641025641025633=$2+1:0.025641025641025633=$%
320,6,11,86@9+0:1.0=$%
320,6,12,86@9+0:1.0=$%
320,6,13,86@9+0:1.0=$%
320,6,14,86@9+0:1.0=$%
320,6,15,86@9+0:1.0=$%
320,6,16,86@9+0:1.0=$%
320,6,17,86@9+0:1.0=$%
320,6,18,86@9+0:1.0=$%
320,6,19,86@9+0:1.0=$%
320,6,20,86@9+0:1.0=$%
320,6,21,86@9+0:1.0=$%
320,6,22,86@9+0:1.0=$%
320,6,23,86@9+0:1.0=$%
